192.445
148.668
87.5061
12.5062
-71.4828
-158.628
-242.434
-317.92
-380.098
-424.809
-445.707
-438.266
-396.415
-314.707
-182.396
8.63879
267.563
597.128
1002.49
1478.44
2028.32
2790.05
3750.05
4824.26
6036.81
7404.08
8942.03
10659
12558.1
14649.2
16927.3
19389.8
22033.6
24858.4
27870.4
31069.6
34448.6
37981.4
41652.5
45469.7
49424.5
53498.2
57666.4
61922.9
66246
70533.2
74080.5
75900.8
77465.9
78831.8
79970.5
80879.5
81556.4
82000.2
82172.8
82067.9
81695
81105.2
80317.2
79375.4
78256
76980.4
75554.9
73989
72337.7
70595.8
68806.6
67036.5
65319.3
63719.7
62303.6
61060.4
61309.4
61770.9
62476.8
63450
64693.8
66227.3
68062.8
70242
72791.9
75765.5
79171.2
83067.2
87439.8
92310.8
97651
103468
109849
116863
124627
133278
142868
153375
164687
176624
189004
211974
239864
268607
298028
328167
358953
390311
422119
454221
486445
518556
550310
581552
612070
641782
670601
698486
725205
750466
773945
795348
814506
831579
846891
860752
868313
866085
862547
857160
849553
839628
827370
812792
795929
776867
755648
732268
706676
678908
649061
617161
583233
547338
509307
468905
425982
380627
333051
283542
232293
178308
105005
30414.1
-45645.6
-123156
-202146
-282478
-363983
-446437
-529427
-612579
-695746
-778748
-861286
-943149
-1.02415e+006
-1.10429e+006
-1.18352e+006
-1.2614e+006
-1.33744e+006
-1.41107e+006
-1.48193e+006
-1.54995e+006
-1.61521e+006
-1.67816e+006
-1.73969e+006
-1.78173e+006
-1.81594e+006
-1.84766e+006
-1.87636e+006
-1.90153e+006
-1.92296e+006
-1.94061e+006
-1.95457e+006
-1.96513e+006
-1.97245e+006
-1.97653e+006
-1.97734e+006
-1.9749e+006
-1.96925e+006
-1.96043e+006
-1.94849e+006
-1.9336e+006
-1.91568e+006
-1.89451e+006
-1.86984e+006
-1.84156e+006
-1.8098e+006
-1.77484e+006
-1.73715e+006
-1.69762e+006
-1.64787e+006
-1.58553e+006
-1.52178e+006
-1.45582e+006
-1.38753e+006
-1.31694e+006
-1.24414e+006
-1.16937e+006
-1.093e+006
-1.0155e+006
-937066
-857837
-777942
-697591
-617020
-536364
-455603
-374788
-294486
-215440
-138222
-63151.9
9872.52
81215.8
151183
217185
259531
300913
340038
376469
409829
439943
466922
490907
512260
531279
547918
562088
573928
583416
590549
595407
598096
598528
596586
592292
585722
576953
566053
553171
538809
516517
491105
464251
435746
405759
374463
341977
308435
274095
239161
203681
167622
131104
94176
56932
19312.7
-18662.9
-56793.7
-94722.6
-131957
-168152
-203273
-237456
-271020
-304568
-329604
-345055
-360128
-373860
-385769
-395725
-403688
-409834
-414412
-417627
-419633
-420410
-419886
-418121
-415115
-410824
-405223
-398385
-390373
-381333
-371388
-360565
-348804
-335924
-321436
-305672
-289387
-271591
-252792
-233159
-213003
-192515
-171689
-150521
-128940
-106925
-84535.9
-61845.8
-38776.5
-15218.7
8949.41
33646.6
58800.4
84412.5
110429
136845
163607
190690
217956
245200
272019
301579
331133
360059
388400
416233
443516
470316
496598
522299
547365
571746
595401
618226
640083
660933
680662
698931
715729
731208
745420
758293
769751
779639
787801
793292
794209
790676
784543
776697
767115
755881
743006
728544
712343
694176
674134
652406
628929
603437
575796
546010
514135
480291
444206
405496
363996
319708
273012
224736
175545
120492
44099
-31765.5
-108450
-186410
-265836
-346763
-428910
-511951
-595374
-678618
-761664
-844365
-926224
-1.00691e+006
-1.08609e+006
-1.16355e+006
-1.23905e+006
-1.31201e+006
-1.38196e+006
-1.44849e+006
-1.51139e+006
-1.57076e+006
-1.62686e+006
-1.67981e+006
-1.73035e+006
-1.74726e+006
-1.75809e+006
-1.76541e+006
-1.76945e+006
-1.76947e+006
-1.76516e+006
-1.75653e+006
-1.74386e+006
-1.72763e+006
-1.70815e+006
-1.68549e+006
-1.65972e+006
-1.63085e+006
-1.59887e+006
-1.56386e+006
-1.52613e+006
-1.48588e+006
-1.44295e+006
-1.39709e+006
-1.34793e+006
-1.29539e+006
-1.23982e+006
-1.18187e+006
-1.12289e+006
-1.06524e+006
-984348
-888016
-792891
-697832
-602173
-505863
-409173
-312727
-217475
-124111
-33046.5
55347.6
140528
221787
298320
369588
435670
496499
550304
595126
630123
655219
671207
680367
686252
665162
571720
478655
379216
271428
154111
26965.5
-109391
-253653
-404007
-559310
-719938
-886036
-1.05692e+006
-1.23174e+006
-1.40978e+006
-1.59053e+006
-1.77348e+006
-1.95853e+006
-2.14561e+006
-2.33433e+006
-2.52412e+006
-2.71407e+006
-2.90308e+006
-3.09077e+006
-3.27527e+006
-3.4853e+006
-3.69311e+006
-3.89635e+006
-4.09484e+006
-4.28851e+006
-4.47704e+006
-4.65941e+006
-4.83446e+006
-5.00102e+006
-5.15812e+006
-5.3052e+006
-5.44141e+006
-5.56559e+006
-5.67639e+006
-5.77225e+006
-5.85299e+006
-5.91969e+006
-5.97075e+006
-6.00246e+006
-6.0121e+006
-5.99852e+006
-5.96198e+006
-5.90461e+006
-5.83056e+006
-5.752e+006
-5.56479e+006
-5.3108e+006
-5.0486e+006
-4.76866e+006
-4.46672e+006
-4.14139e+006
-3.79262e+006
-3.42162e+006
-3.03152e+006
-2.62566e+006
-2.20442e+006
-1.76688e+006
-1.31367e+006
-846103
-365389
127378
631047
1.14479e+006
1.66849e+006
2.2015e+006
2.74263e+006
3.29089e+006
3.84514e+006
4.40347e+006
4.96318e+006
5.53187e+006
6.11599e+006
6.69855e+006
7.27954e+006
7.85861e+006
8.43492e+006
9.00741e+006
9.57539e+006
1.01377e+007
1.06923e+007
1.1237e+007
1.17708e+007
1.22932e+007
1.28043e+007
1.33046e+007
1.37935e+007
1.42654e+007
1.47164e+007
1.51576e+007
1.56053e+007
1.60667e+007
1.65385e+007
1.70055e+007
1.74392e+007
1.77975e+007
1.80078e+007
1.77975e+007
1.74392e+007
1.70055e+007
1.65385e+007
1.60667e+007
1.56053e+007
1.51576e+007
1.47164e+007
1.42654e+007
1.37935e+007
1.33046e+007
1.28043e+007
1.22932e+007
1.17708e+007
1.1237e+007
1.06923e+007
1.01377e+007
9.57539e+006
9.00741e+006
8.43491e+006
7.85861e+006
7.27954e+006
6.69855e+006
6.11599e+006
5.53187e+006
4.96318e+006
4.40347e+006
3.84514e+006
3.29088e+006
2.74263e+006
2.2015e+006
1.66849e+006
1.14479e+006
631047
127378
-365389
-846103
-1.31367e+006
-1.76688e+006
-2.20442e+006
-2.62566e+006
-3.03152e+006
-3.42162e+006
-3.79262e+006
-4.14139e+006
-4.46672e+006
-4.76866e+006
-5.0486e+006
-5.3108e+006
-5.56479e+006
-5.752e+006
-5.83056e+006
-5.90461e+006
-5.96198e+006
-5.99852e+006
-6.0121e+006
-6.00246e+006
-5.97075e+006
-5.91969e+006
-5.85299e+006
-5.77225e+006
-5.67639e+006
-5.56559e+006
-5.44141e+006
-5.3052e+006
-5.15812e+006
-5.00102e+006
-4.83446e+006
-4.65941e+006
-4.47704e+006
-4.28851e+006
-4.09484e+006
-3.89635e+006
-3.69311e+006
-3.4853e+006
-3.27527e+006
-3.09077e+006
-2.90308e+006
-2.71407e+006
-2.52412e+006
-2.33433e+006
-2.14561e+006
-1.95853e+006
-1.77348e+006
-1.59053e+006
-1.40978e+006
-1.23174e+006
-1.05692e+006
-886036
-719938
-559310
-404007
-253653
-109391
26965.2
154111
271428
379216
478655
571720
665162
686252
680367
671207
655219
630123
595127
550304
496499
435670
369587
298320
221787
140528
55347.8
-33046.5
-124111
-217476
-312727
-409173
-505863
-602173
-697832
-792892
-888016
-984348
-1.06524e+006
-1.12289e+006
-1.18187e+006
-1.23982e+006
-1.29539e+006
-1.34793e+006
-1.39709e+006
-1.44295e+006
-1.48588e+006
-1.52613e+006
-1.56386e+006
-1.59887e+006
-1.63085e+006
-1.65972e+006
-1.68549e+006
-1.70815e+006
-1.72763e+006
-1.74386e+006
-1.75653e+006
-1.76516e+006
-1.76947e+006
-1.76945e+006
-1.76541e+006
-1.75809e+006
-1.74726e+006
-1.73035e+006
-1.67981e+006
-1.62686e+006
-1.57076e+006
-1.51139e+006
-1.44849e+006
-1.38196e+006
-1.31201e+006
-1.23905e+006
-1.16355e+006
-1.08609e+006
-1.00691e+006
-926224
-844365
-761664
-678618
-595375
-511951
-428910
-346763
-265836
-186411
-108451
-31765.5
44099
120492
175545
224736
273012
319708
363996
405496
444206
480291
514134
546010
575796
603437
628929
652406
674134
694176
712343
728544
743006
755881
767115
776697
784544
790676
794209
793292
787801
779639
769751
758293
745420
731208
715729
698931
680662
660934
640083
618226
595401
571746
547365
522299
496598
470317
443516
416233
388400
360059
331133
301579
272019
245200
217956
190689
163607
136845
110429
84412.2
58800.3
33646.9
8949.43
-15218.6
-38776.3
-61845.9
-84535.7
-106925
-128940
-150521
-171689
-192516
-213002
-233159
-252792
-271591
-289387
-305673
-321436
-335923
-348804
-360565
-371388
-381333
-390372
-398385
-405223
-410824
-415115
-418120
-419886
-420410
-419633
-417627
-414412
-409834
-403688
-395725
-385769
-373860
-360128
-345055
-329603
-304568
-271019
-237456
-203273
-168151
-131957
-94722.6
-56793.5
-18663
19312.8
56931.9
94176.2
131105
167622
203681
239161
274095
308435
341977
374464
405759
435746
464251
491105
516518
538809
553171
566052
576953
585722
592292
596586
598528
598096
595407
590549
583416
573928
562088
547918
531279
512260
490907
466922
439943
409829
376469
340038
300913
259531
217185
151183
81215.8
9872.54
-63151.9
-138222
-215440
-294485
-374788
-455603
-536364
-617020
-697591
-777942
-857837
-937066
-1.0155e+006
-1.093e+006
-1.16937e+006
-1.24414e+006
-1.31694e+006
-1.38753e+006
-1.45582e+006
-1.52178e+006
-1.58553e+006
-1.64787e+006
-1.69762e+006
-1.73715e+006
-1.77484e+006
-1.8098e+006
-1.84156e+006
-1.86984e+006
-1.89451e+006
-1.91568e+006
-1.9336e+006
-1.94849e+006
-1.96043e+006
-1.96925e+006
-1.9749e+006
-1.97734e+006
-1.97653e+006
-1.97244e+006
-1.96513e+006
-1.95457e+006
-1.94061e+006
-1.92296e+006
-1.90153e+006
-1.87636e+006
-1.84766e+006
-1.81594e+006
-1.78173e+006
-1.73969e+006
-1.67816e+006
-1.61521e+006
-1.54995e+006
-1.48193e+006
-1.41107e+006
-1.33744e+006
-1.2614e+006
-1.18352e+006
-1.10429e+006
-1.02415e+006
-943148
-861287
-778748
-695746
-612579
-529427
-446437
-363983
-282478
-202146
-123156
-45645.6
30413.9
105005
178308
232293
283542
333050
380627
425982
468905
509307
547338
583233
617161
649061
678908
706676
732268
755648
776867
795929
812792
827370
839628
849553
857160
862547
866086
868313
860752
846891
831579
814506
795348
773945
750466
725205
698486
670601
641782
612069
581551
550310
518556
486446
454221
422119
390311
358953
328167
298029
268607
239864
211974
189004
176624
164687
153375
142868
133278
124627
116863
109849
103468
97651
92310.7
87440
83067.2
79171.3
75765.5
72792.1
70242.1
68062.7
66227.3
64693.6
63450.1
62477
61770.8
61309.6
61060.2
62303.4
63719.9
65319.1
67036.4
68806.6
70596
72337.9
73988.9
75554.6
76980.5
78255.9
79375.1
80317.2
81105.3
81694.9
82068.1
82172.9
82000
81556
80879.5
79970.3
78832.4
77466.1
75900.9
74080.4
70533.6
66245.6
61923
57666.7
53498.7
49424.6
45469.7
41652.8
37981.4
34447.6
31069.1
27870.3
24858.5
22033.3
19389.7
16926.8
14649.5
12557.9
10658.9
8942.15
7404.35
6036.75
4824.2
3750.18
2790.28
2028.03
1478.62
1002.25
597.216
267.457
8.35148
-182.539
-314.469
-396.686
-438.194
-445.649
-424.725
-380.168
-318.015
-242.265
-158.533
-71.4992
12.6089
87.5826
148.566
192.399
211.79
220.589
