-0.0595398
-0.231415
-0.516649
-0.913076
-1.41922
-2.04062
-2.78499
-3.66256
-4.68015
-5.85504
-7.20357
-8.76184
-10.5475
-12.6013
-14.9377
-17.6106
-20.633
-24.0486
-27.8837
-32.1945
-36.9904
-42.3206
-48.124
-54.2977
-60.8377
-67.7001
-74.8633
-82.3001
-89.9097
-97.6659
-105.414
-113.028
-120.429
-127.406
-133.901
-139.699
-144.365
-147.807
-149.652
-149.658
-147.449
-142.557
-134.956
-124.191
-109.954
-91.2181
-66.122
-32.7193
0.0147935
30.8844
64.8559
100.625
139.643
180.313
222.818
264.57
304.962
342.133
375.22
403.446
429.588
454.492
481.905
508.823
533.558
555.584
574.241
588.812
598.128
605.005
606.007
601.687
578.209
547.639
517.01
470.99
417.597
354.586
286.758
208.652
125.014
32.269
-66.1455
-175.192
-288.887
-414.805
-547.948
-689.869
-837.952
-1002.36
-1176.07
-1365.04
-1558.51
-1766.36
-1973.29
-2195.23
-2417.53
-2695.14
-2969.32
-3176.51
-3358.41
-3516.16
-3657.52
-3782.36
-3890
-3967.89
-4013.22
-4023.33
-3994.37
-3925.01
-3818.1
-3686.14
-3545.08
-3396.46
-3227.02
-3034.25
-2820.7
-2588.12
-2336.17
-2072.88
-1801.74
-1513.72
-1184.68
-804.988
-456.937
-131.512
210.978
546.355
885.869
1223.2
1556.92
1870.02
2166.67
2440.02
2696.66
2929.7
3150.94
3362.11
3586.54
3802.97
4018.76
4223.79
4432.94
4628.56
4824.44
5002.39
5184.33
5348.99
5558.13
5712.7
5782.29
5831.15
5837.7
5820.35
5769.02
5690.79
5582.41
5450.74
5296.87
5120.27
4918.96
4693.68
4447.44
4181.74
3895.81
3583.83
3247.88
2885.41
2507.28
2102.83
1694.2
1257.94
813.982
273.167
-270.955
-735.517
-1197.81
-1643.77
-2092.6
-2528.14
-2959.81
-3362.14
-3736.93
-4074.06
-4381.58
-4651.56
-4892.71
-5112.39
-5325.22
-5530.48
-5725.18
-5901.64
-6064.33
-6213.79
-6350.52
-6470.89
-6575.08
-6659.85
-6736.31
-6799.82
-6816.88
-6793.82
-6744.84
-6670.41
-6564.64
-6418.28
-6259.39
-6103
-5959.97
-5832.42
-5721.26
-5620.37
-5523.35
-5406.94
-5244.13
-5065.02
-4874.31
-4671.26
-4446.06
-4206.92
-3946.75
-3683.33
-3393.19
-3092.22
-2701.88
-2358.32
-2093.72
-1817.79
-1568.53
-1320.68
-1095.61
-879.583
-692.972
-524.476
-384.414
-259.03
-160.312
-77.1438
-15.4765
39.6709
73.9422
96.6057
102.28
94.442
71.1206
33.6044
-17.4469
-87.4106
-174.579
-297.511
-439.517
-576.446
-727.005
-883.563
-1059.58
-1256.56
-1468.17
-1665.06
-1835.35
-1961.48
-2048.43
-2098.25
-2117.8
-2125.32
-2157.47
-2202.9
-2252.89
-2299.22
-2348.04
-2398.47
-2461.63
-2525.23
-2591.19
-2658.39
-2751.2
-2857.1
-2925.65
-2968.22
-3003.7
-3027.51
-3042.43
-3039.2
-3025.53
-3000.02
-2969.73
-2933.33
-2892.92
-2848.42
-2796.25
-2730.23
-2655.83
-2570.78
-2476.67
-2372.8
-2260.05
-2141.03
-2012.13
-1879.66
-1737.13
-1578.17
-1364.05
-1178.26
-1036.18
-883.298
-744.498
-604.138
-457.447
-321.374
-220.99
-150.87
-126.675
-135.818
-176.865
-253.646
-345.45
-420.253
-507.591
-612.899
-727.138
-851.124
-977.947
-1104.07
-1236.53
-1377.51
-1523.62
-1696.85
-1859.25
-1984.5
-2102.68
-2211.32
-2327.51
-2439.76
-2550.15
-2645.38
-2727.45
-2784.93
-2827.21
-2847.64
-2853.32
-2847.74
-2837.63
-2817.37
-2792.24
-2758.26
-2720.91
-2673.37
-2620.98
-2556.33
-2487.51
-2405.33
-2339.6
-2281.45
-2180.91
-2061.06
-1934.27
-1793.54
-1639.91
-1470.9
-1286.18
-1078.92
-848.606
-601.601
-340.484
-62.9326
232.126
543.212
871.922
1207.18
1559.09
1922.33
2295.56
2667.29
3048.1
3424.63
3819.79
4223.43
4707.72
5098.26
5375.48
5645.07
5869.17
6090.37
6283.96
6449.98
6561.4
6629.29
6640.55
6612.58
6536.46
6415.24
6255.42
6088.71
5887.18
5651.88
5386.1
5091.51
4771.11
4432.11
4073.14
3686.48
3277.15
2797.05
2324.58
1903.22
1467.48
1041.14
591.229
140.999
-322.387
-770.303
-1218.14
-1646.53
-2068.72
-2471.67
-2871.72
-3262.36
-3670.51
-4073.48
-4487.54
-4893.34
-5305.58
-5704.61
-6107.52
-6490.14
-6880.17
-7249.25
-7703.3
-8156.84
-8443.29
-8635.49
-8788.39
-8898.47
-8978.36
-9009.77
-8988.71
-8902.93
-8757.87
-8546.6
-8282.97
-7962.95
-7592.22
-7184.53
-6749.18
-6286.62
-5785.06
-5238.8
-4660.37
-4066.25
-3455.99
-2843.76
-2202.52
-1512.62
-663.029
23.1639
521.866
1043.08
1491.23
1938.27
2334.92
2697.43
2962.24
3168.75
3283.1
3347.1
3322.1
3239.03
3087.98
2936.37
2716.5
2461.29
2142.06
1795.3
1376.89
935.275
419.108
-109.07
-716.177
-1250.47
-1908.5
-2740.12
-3648.08
-4636.38
-5682.63
-6796.32
-7983.97
-9238.51
-10568.3
-11957
-13420.7
-14939.3
-16524.2
-18146.9
-19820.7
-21505.8
-23238
-25004.5
-26829.7
-28655.1
-30514.7
-32339.7
-34195.1
-35993.1
-38044.1
-40106.5
-41774.7
-43295.7
-44743.2
-46113.5
-47392.3
-48565.7
-49617.6
-50528.6
-51311.9
-51980.9
-52534.4
-52961.5
-53271.4
-53454.5
-53522.7
-53470.6
-53316.2
-53035.3
-52644
-52123
-51488.9
-50723.4
-49856.3
-48874.4
-47810.5
-46566.8
-45170.9
-43635.2
-41983.6
-40202.8
-38322.1
-36303.8
-34174.2
-31902.9
-29530.1
-27015.3
-24406.4
-21677.9
-18886
-15954.1
-12939.9
-9841.49
-6759.78
-3505.84
-29.1923
3930.16
8334.29
13453.7
19063.5
25589.4
31481.5
35974.9
39737.7
42695.7
45214.3
47316.5
49284.4
51144.1
53014.9
54742.2
56340.2
57771.1
59104.9
60276.2
61315.5
62184.6
62926.8
63506.3
63958.9
64264.7
64459.1
64510.5
64434.5
64210.7
63829.8
63309.5
62731.8
62045.6
61267
60369.2
59377
58276.6
57089.5
55803.3
54442.1
52984.7
51442.4
49806.9
48092
46292.1
44423.3
42483.4
40460.8
38361
36212
34030.6
31828.2
29611.9
27370.3
24996.1
22404.9
20129.4
18105.7
16069.6
14124.8
12215
10407.7
8667.3
7045.26
5501.94
4044.55
2646.86
1349.41
134.128
-974.717
-1994.06
-2910.42
-3742.96
-4478.18
-5129.34
-5692.72
-6178.51
-6592.14
-6907.11
-7132.74
-7179.63
-7212.79
-7309.59
-7325.32
-7329.85
-7263.44
-7177.91
-7026.42
-6855.08
-6625.64
-6367.23
-6058.79
-5752.1
-5367.35
-4933.21
-4426.34
-3888.12
-3279.43
-2642.74
-1948.3
-1268.77
-575.848
92.6944
805.992
1479.83
2348.71
3182.6
3790.69
4344.24
4850.41
5329.28
5761.41
6147.05
6470.23
6728.51
6936.65
7102.94
7222.94
7285.5
7281.54
7214.46
7087.94
6895.43
6649.24
6349.33
6012.22
5643.28
5254.77
4828.6
4365.68
3803.64
3149.09
2600.15
2134.64
1656.4
1199.34
736.999
294.965
-145.329
-564.45
-978.235
-1369.31
-1754.86
-2116.52
-2486.4
-2851.25
-3226.36
-3594.24
-3966.22
-4321.44
-4673.52
-4993.23
-5299.18
-5572.26
-5848.81
-6102.52
-6397.48
-6635.3
-6795.02
-6927.18
-7025.73
-7097.73
-7142.56
-7151.24
-7125.55
-7063.96
-6965.55
-6837.92
-6697.69
-6506.03
-6270.96
-5992.25
-5679.98
-5320.53
-4934.02
-4513.14
-4090.21
-3658.7
-3233.64
-2771.19
-2309.9
-1735.04
-1176.63
-730.899
-303.326
93.0704
480.237
843.505
1193.25
1516.48
1814.72
2087.66
2343.15
2570.07
2774.37
2954.64
3114.42
3255.12
3373.24
3465.5
3537.34
3595.65
3639.91
3672.92
3693.47
3707.55
3695.62
3657.36
3646.06
3641.5
3622.33
3598.5
3563.69
3525.25
3478.23
3428.87
3370.88
3308.28
3235.94
3158.93
3068.43
2962.64
2839.39
2705.6
2555.88
2404.48
2249.69
2104.28
1963.37
1833.67
1695.09
1552.62
1382.72
1236.08
1123.36
1020.47
931.827
852.877
778.52
717.107
672.103
642.907
636.444
636.855
630.689
660.835
731.263
832.856
966.892
1135.5
1318.29
1517.29
1700.89
1866.93
2027.52
2191.68
2341.62
2534.2
2704.45
2808.88
2901.76
2982.93
3057.05
3117.21
3168.69
3207.19
3234.55
3250.58
3255.81
3251.27
3234.13
3212.73
3188.03
3158.36
3122.1
3078.51
3022.14
2954.8
2872.47
2786.14
2690.75
2590.38
2463.88
2324.79
2222.6
2143.51
2064.92
1990.46
1921.33
1864.55
1806.62
1750.22
1690.96
1639.23
1600.38
1569.97
1506.38
1406.48
1270.75
1105.01
915.056
725.796
550.837
414.698
309.866
228.859
159.263
108.55
60.867
51.5178
75.0011
114.345
170.584
238.814
321.256
417.345
526.728
649.831
784.584
935.312
1091.4
1268.13
1457.38
1667.7
1886.37
2126.43
2374.13
2638.03
2896.82
3165.79
3424.07
3697.36
3951.77
4284.17
4574.94
4765.4
4943.13
5089.08
5224.68
5330.66
5417.54
5479.3
5527.5
5560.16
5566.61
5532.41
5499.28
5478.6
5471.89
5477.18
5488.31
5496.29
5486.84
5442.31
5346.83
5221.96
5069.6
4890.09
4669.36
4420.37
4174.53
3923.6
3658.28
3383.87
3099.73
2809.61
2511.24
2203.76
1885.03
1563.79
1239.07
906.474
551.085
170.071
-237.662
-661.774
-1105.93
-1556.2
-2009.44
-2443.7
-2872.66
-3282.38
-3694.48
-4098.9
-4555.33
-4923.15
-5197.24
-5459.77
-5688.31
-5900.99
-6076.17
-6227.19
-6342.71
-6429.57
-6487.43
-6523.03
-6535.6
-6522.83
-6483.66
-6418.45
-6330.78
-6219.55
-6083.48
-5917.46
-5726.63
-5505.9
-5264.8
-4987.04
-4693.26
-4319.6
-3960.32
-3654.5
-3339.77
-3036.59
-2726.22
-2424.91
-2121.19
-1828.85
-1533.03
-1243.64
-956.212
-683.847
-398.225
-103.558
208.774
527.466
857.672
1189.07
1522.53
1839.63
2143.82
2431.82
2712.13
2965.14
3239.99
3501.07
3685.72
3833.39
3964.94
4083.59
4180.42
4250.97
4297.15
4318.31
4314.01
4291.37
4259.64
4208.84
4122.75
3996.35
3833.43
3640.35
3423.58
3187.41
2938.21
2686.93
2430.02
2166.21
1889.07
1595.63
1264.73
989.425
771.976
560.906
371.434
190.004
30.7454
-117.353
-244.105
-357.858
-453.537
-542.905
-620.629
-688.806
-744.383
-794.578
-832.975
-865.833
-888.862
-906.104
-913.076
-915.756
-908.241
-893.698
-866.825
-844.452
-809.586
-762.656
-715.865
-667.843
-620.314
-570.455
-520.185
-469.912
-420.313
-371.779
-326.281
-284.291
-241.396
-197.381
-150.322
-102.654
-55.4393
-10.6721
31.1463
67.9998
100.885
128.792
153.801
174.97
197.358
215.127
223.035
225.626
224.808
221.415
215.84
208.43
199.402
189.271
178.393
166.977
155.369
143.601
132.133
120.932
110.098
99.7126
89.8308
80.5027
71.8237
63.7183
56.2735
49.4054
43.1457
37.4559
32.3467
27.8579
23.9627
20.5623
17.6231
15.0504
12.8206
10.8702
9.18065
7.69348
6.40279
5.26659
4.26821
3.38081
2.60738
1.92967
1.36098
0.881496
0.505293
0.227126
0.0589881
-0.00104462
-0.000888613
