Xline	Inline	FS11	shallow	Truncation	TopForesets	MFS4	FS8	FS7	FS6	FS4
300	244	633.42444	472.19553	1049.5107	1072.7767	1089.9669	826.78284	996.3056	947.3045	1116.7762
301	244	632.72156	472.19217	1049.6603	1072.7802	1089.527	826.79712	996.29858	947.3045	1116.772
302	244	631.89313	472.19553	1050.1415	1072.7802	1088.5753	826.63525	992.30878	947.3045	1116.772
303	244	631.01196	472.19553	1050.1024	1072.7802	1088.4063	826.87329	991.87561	947.3045	1116.7292
304	244	630.57635	472.19553	1050.0439	1072.7	1088.3004	827.16846	991.30261	947.3045	1116.6653
305	244	630.27942	472.065	1050.0114	1072.65	1088.0847	827.4541	990.60388	947.3045	1116.5842
306	244	630.40833	472.15848	1049.9658	1072.4801	1087.7886	827.51123	989.79327	947.3045	1116.5159
307	244	630.76483	472.08264	1049.8943	1072.3199	1087.4713	827.20654	988.9129	947.3045	1116.4305
308	244	630.80817	472.67004	1049.7709	1072.1101	1087.1542	826.50671	987.99054	947.3045	1116.3495
309	244	630.28693	470.92081	1049.5758	1071.8601	1086.8834	825.67358	987.06824	947.3045	1116.2769
310	244	629.45111	471.9584	1049.2897	1071.5602	1086.7017	824.89282	986.18085	947.3045	1116.2085
311	244	628.51385	472.996	1048.8931	1071.2201	1086.5747	824.22156	985.34235	947.3045	1116.1531
312	244	627.73517	474.0336	1048.4443	1070.87	1086.4987	823.68835	984.54578	947.3045	1116.1062
313	244	626.90009	475.0712	1048.0219	1070.53	1086.2957	823.35028	983.79816	947.3045	1116.0549
314	244	626.20581	476.1088	1047.6576	1070.24	1085.9952	823.18842	983.07843	947.3045	1116
315	244	625.63788	477.14639	1047.3845	1070.02	1085.6484	822.9361	982.38666	947.3045	1115.9397
316	244	625.27319	478.18399	1047.1635	1069.87	1085.3058	822.50287	981.71588	947.3045	1115.8799
317	244	625.20905	479.22159	1046.9749	1069.7701	1085.0012	821.88873	981.05908	947.3045	1115.8159
318	244	625.18579	480.25919	1046.7928	1069.67	1084.8025	821.19843	980.42322	947.3045	1115.7477
319	244	625.07715	483.03876	1046.6108	1069.5601	1084.6418	820.52234	979.80127	947.3045	1115.6708
320	244	624.73163	482.38434	1046.4222	1069.4501	1084.5444	819.93683	979.1864	947.3045	1115.5897
321	244	624.30835	480.74384	1046.2207	1069.26	1084.3076	819.55115	978.57849	947.3045	1115.5044
322	244	623.89166	477.59106	1045.993	1069.08	1083.9735	819.33698	977.97058	947.3045	1115.4191
323	244	623.38824	476.92404	1045.733	1068.8601	1083.614	819.04657	977.37671	947.3045	1115.338
324	244	622.90015	476.25702	1045.4534	1068.6401	1083.2587	818.56097	976.78979	947.3045	1115.2568
325	244	622.52332	475.59	1045.1543	1068.45	1082.9457	817.89917	976.20984	947.3045	1115.1714
326	244	622.32086	474.92297	1044.7968	1068.2701	1082.7214	817.19934	974.18341	947.3045	1115.0818
327	244	622.10706	480.78439	1044.3741	1068.12	1082.5524	816.53284	973.58252	947.3045	1114.9751
328	244	621.87891	480.48804	1043.906	1067.9801	1082.4973	815.97107	970.74561	947.3045	1114.86
329	244	621.52014	480.18289	1043.4639	1067.87	1082.3492	815.60919	970.26349	947.3045	1114.7277
330	244	621.17297	480.41043	1043.1127	1067.8	1082.1251	815.39978	969.77435	947.3045	1114.5867
331	244	620.83588	480.29929	1042.8527	1067.7501	1081.8756	815.09509	969.28528	947.3045	1114.4374
332	244	620.61859	480.42102	1042.6835	1067.7401	1081.6218	814.6095	968.79614	947.3045	1114.2753
333	244	620.67487	480.25873	1042.5796	1067.7	1081.3892	813.9715	968.30701	947.3045	1114.1088
334	244	620.62238	480.08762	1042.5015	1067.63	1081.1946	813.3288	967.78998	947.3045	1113.9252
335	244	620.56281	479.84418	1042.391	1067.53	1081.072	812.75751	967.27289	947.3045	1113.7246
336	244	620.25995	479.32556	1042.2675	1067.36	1081.0127	812.32428	966.76282	947.3045	1113.5071
337	244	619.9184	478.7117	1042.1569	1067.1401	1080.8181	812.091	966.27368	947.3045	1113.2637
338	244	619.34552	478.16663	1042.0659	1066.8501	1080.5433	811.9339	965.78455	947.3045	1113.0118
339	244	618.66046	474.92297	1041.9358	1066.5602	1080.2344	811.54352	965.30945	947.3045	1112.743
340	244	618.10864	476.70172	1041.7278	1066.2601	1079.913	810.85797	964.85522	947.3045	1112.47
341	244	617.8512	478.48044	1041.4417	1065.9401	1079.6	809.99628	964.41504	947.3045	1112.1882
342	244	617.7345	480.25919	1041.1426	1065.6401	1079.3589	809.13452	964.00281	947.3045	1111.8979
343	244	617.53003	476.39206	1040.8695	1065.3301	1079.304	808.35376	963.61847	947.3045	1111.6078
344	244	617.00604	475.92285	1040.6483	1065.01	1079.2532	807.73016	963.26215	947.3045	1111.3175
345	244	616.46033	475.974	1040.4534	1064.67	1079.0543	807.34924	962.94769	947.3045	1111.0315
346	244	616.07294	475.59653	1040.2452	1064.3101	1078.7499	807.12073	962.68915	947.3045	1110.7499
347	244	615.77612	475.79761	1039.9852	1063.95	1078.3861	806.72559	962.49347	947.3045	1110.4724
348	244	615.86511	475.41837	1039.6925	1063.5502	1077.9928	806.00671	962.37476	947.3045	1110.1908
349	244	615.92529	474.9209	1039.3545	1063.16	1077.5909	805.0498	962.36774	947.3045	1109.9133
350	244	616.664	474.1712	1039.0358	1062.79	1077.2694	804.03094	962.51447	947.3045	1109.6273
351	244	616.82965	474.8027	1038.7433	1062.4601	1077.1426	803.04077	962.23499	947.3045	1109.3416
352	244	616.81952	474.71628	1038.5092	1062.1501	1077.151	802.17426	961.87164	947.3045	1109.0598
353	244	616.22693	474.43579	1038.3011	1061.9	1077.113	801.57916	961.45239	947.3045	1108.7909
354	244	615.80255	472.89938	1038.0801	1061.63	1077.0156	801.25543	960.99121	947.3045	1108.4708
355	244	615.79364	472.16379	1037.8199	1061.38	1076.8804	800.92694	960.48816	947.3045	1108.155
356	244	616.26312	471.49701	1037.5469	1061.15	1076.762	800.36993	959.96405	947.3045	1107.8477
357	244	616.64526	471.10892	1037.2673	1060.9501	1076.6858	799.56531	959.42603	947.3045	1107.694
358	244	616.64178	470.55502	1037.0072	1060.75	1076.6774	798.65607	958.867	947.3045	1107.5447
359	244	616.20282	468.37653	1036.7471	1060.58	1076.6984	797.73718	958.30109	947.3045	1107.3826
360	244	615.88367	467.07294	1036.4869	1060.4399	1076.5505	796.90405	957.72809	947.3045	1107.1222
361	244	615.63153	468.25269	1036.2205	1060.3201	1076.1782	796.29468	957.14813	947.3045	1106.8618
362	244	615.26947	468.16376	1035.9669	1060.21	1075.7468	795.96619	956.56122	947.3045	1106.5417
363	244	614.841	468.0748	1035.7133	1060.17	1075.3407	795.6615	955.96722	947.3045	1106.1747
364	244	614.31812	467.98587	1035.4272	1060.13	1074.994	795.19971	955.38031	947.3045	1105.765
365	244	613.65601	467.89694	1035.1151	1060.12	1074.7317	794.52844	954.77936	947.3045	1105.4363
366	244	612.97522	467.80801	1034.7965	1060.1101	1074.5414	793.77618	954.17853	947.3045	1105.1547
367	244	612.32111	467.71906	1034.4908	1060.0801	1074.5625	793.03357	953.58453	947.3045	1104.9283
368	244	611.8689	467.63013	1034.2113	1060.0402	1074.2919	792.38605	952.99066	947.3045	1104.7107
369	244	611.58899	467.5412	1033.9707	1059.7601	1073.6743	791.94806	952.39667	947.3045	1104.5229
370	244	611.27405	467.45227	1033.7756	1059.7401	1072.9763	791.68146	951.78876	947.3045	1104.3566
371	244	610.99988	467.36331	1033.5935	1059.5601	1072.363	791.31012	951.19489	947.3045	1104.2072
372	244	610.65997	467.27438	1033.405	1059.35	1071.8936	790.69122	950.60095	947.3045	1104.0748
373	244	610.31952	467.18546	1033.184	1059.1301	1071.5848	789.86279	950.00702	947.3045	1103.9553
374	244	609.90887	467.09653	1032.9238	1058.8801	1071.3903	788.98212	949.40607	947.3045	1103.8401
375	244	609.51807	467.00757	1032.6117	1058.6301	1071.386	788.13464	948.81213	947.3045	1103.7334
376	244	609.26141	466.91864	1032.2606	1058.3002	1071.0308	787.41583	946.28271	947.3045	1103.6096
377	244	608.96381	468.04135	1031.8705	1058	1070.4556	786.88257	945.73071	947.3045	1103.4858
378	244	608.62762	466.53314	1031.4739	1057.6702	1069.9015	786.66833	945.18567	947.3045	1103.3961
379	244	608.23602	462.91647	1030.8497	1057.3199	1069.5208	786.11127	944.62671	947.3045	1103.392
380	244	607.88904	462.98669	1030.3296	1056.91	1069.2797	785.14484	944.07471	947.3045	1103.2894
381	244	607.63898	463.05692	1029.9069	1056.03	1069.1401	783.8833	943.52271	947.3045	1103.0504
382	244	607.43225	463.12711	1029.2827	1055.46	1068.954	782.64545	942.96375	947.3045	1102.645
383	244	607.2027	463.19733	1028.8535	1055.11	1068.9963	781.77899	942.40466	947.3045	1102.2866
384	244	606.80548	463.26755	1028.4958	1054.88	1068.5352	781.24103	941.8457	947.3045	1101.9025
385	244	606.22864	463.33777	1028.0408	1054.67	1068.0699	780.9649	941.28668	947.3045	1101.5354
386	244	605.60779	463.40796	1026.9159	1054.86	1067.609	780.89825	940.71375	947.3045	1101.1982
387	244	604.9325	463.47818	1026.9485	1053.5402	1067.1478	780.0556	940.14777	947.3045	1100.8611
388	244	604.58655	463.5484	1026	1054.36	1066.6869	779.35101	939.57477	947.3045	1100.5026
389	244	604.33813	463.61862	1025.4985	1053.95	1066.2174	777.95129	938.98785	947.3045	1100.0502
390	244	604.26093	463.68881	1025.3359	1053.8201	1065.7563	776.57068	938.4079	947.3045	1099.6233
391	244	603.97961	463.75903	1025.5505	1053.51	1065.2953	775.35663	937.82098	947.3045	1099.1752
392	244	603.70947	463.82925	1025.4725	1053.0302	1065.4265	774.38068	937.22699	947.3045	1098.7228
393	244	603.31451	463.89948	1025.2384	1052.28	1065.4095	773.88562	936.61908	947.3045	1098.1936
394	244	602.88141	463.96967	1024.7637	1051.3	1065.1262	773.59515	936.00421	947.3045	1097.5492
395	244	602.34814	464.03989	1024.224	1050.6802	1064.6185	772.80963	935.61292	947.3045	1097.0968
396	244	601.81458	464.11011	1023.6974	1050.0302	1063.7303	771.4671	934.70453	947.3045	1096.845
397	244	601.23474	464.18033	1023.2227	1049.4102	1062.5968	769.61993	933.66345	947.3045	1096.798
398	244	600.65668	464.25055	1022.8196	1048.79	1061.7255	767.96796	932.54547	947.3045	1096.5121
399	244	600.20398	464.32074	1022.501	1048.2101	1061.7932	767.06818	931.41345	947.3045	1096.1664
400	244	599.84784	464.39096	1022.2344	1047.6201	1061.9116	766.71106	930.28149	947.3045	1095.8248
401	244	599.4549	464.46118	1021.9743	1047.0502	1061.7635	766.79199	929.19849	947.3045	1095.5944
402	244	598.99133	464.5314	1021.6818	1046.5201	1061.349	766.9729	928.24121	947.3045	1095.3553
403	244	598.33746	464.60159	1021.3372	1046.5502	1060.723	765.63989	927.44464	947.3045	1095.0951
404	244	597.70435	464.67181	1020.96	1045.9601	1059.9617	763.48322	927.55646	947.3045	1094.8262
405	244	597.04504	464.74203	1020.5894	1045.4	1059.2596	760.62201	926.82977	947.3045	1094.5446
406	244	596.55627	464.81226	1020.2123	1044.9301	1058.9846	759.4032	926.10303	947.3045	1094.2585
407	244	596.04071	464.88245	1019.8417	1044.5601	1058.6802	758.04639	925.38336	947.3045	1093.9725
408	244	595.58368	464.95267	1019.4711	1044.1602	1058.5616	757.22754	924.65668	947.3045	1093.6866
409	244	595.20538	465.02289	1019.133	1043.8201	1058.3121	756.60864	923.94391	947.3045	1093.4348
410	244	594.96234	465.09311	1018.7883	1043.5201	1057.9611	756.41345	923.23822	947.3045	1093.1019
411	244	594.71558	465.1633	1018.4111	1043.2201	1057.5762	755.85168	922.54651	947.3045	1092.6709
412	244	594.43781	465.23352	1018.0016	1042.9701	1057.2125	753.06659	921.86169	947.3045	1092.0734
413	244	594.12616	465.30374	1017.5464	1042.78	1056.9291	751.62408	921.19788	947.3045	1091.5527
414	244	593.7851	465.37396	1017.0132	1042.6101	1056.7726	750.34344	920.54114	947.3045	1091.1174
415	244	593.34882	465.44415	1016.415	1042.45	1056.2776	748.89618	919.90527	947.3045	1090.8186
416	244	592.97418	465.51437	1015.7714	1042.28	1056.0239	747.60596	919.29736	947.3045	1090.5283
417	244	592.69159	465.58459	1015.1471	1042.16	1055.6729	746.74902	918.71039	947.3045	1090.2893
418	244	592.53442	464.28583	1014.5619	1042.0302	1055.2542	746.15869	918.15833	947.3045	1089.9523
419	244	592.34735	464.17819	1014.0613	1041.88	1054.8142	746.0968	917.63434	947.3045	1089.5126
420	244	592.19617	463.7919	1013.6126	1041.7301	1054.4124	746.05396	917.15918	947.3045	1088.8938
421	244	591.95447	463.38089	1013.203	1041.55	1054.1079	745.78729	916.71198	947.3045	1088.3816
422	244	591.58331	463.14981	1012.8129	1041.37	1053.9429	745.2113	916.32068	947.3045	1087.9803
423	244	590.95679	462.95578	1012.4228	1041.1602	1053.5369	744.32104	915.97131	947.3045	1087.7329
424	244	590.39777	463.0863	1012.0391	1040.9102	1053.3762	743.76874	915.69183	947.3045	1087.4982
425	244	589.97577	462.70883	1011.6165	1040.6401	1053.135	743.29749	915.48224	947.3045	1087.272
426	244	589.77411	462.9646	1011.1613	1040.3401	1052.8517	743.04993	915.35645	947.3045	1087.0629
427	244	589.57336	463.00165	1010.7517	1040.0201	1052.543	742.2453	915.34943	947.3045	1086.8708
428	244	589.32983	463.01047	1010.459	1039.7	1052.2427	742.03113	915.49615	947.3045	1086.6873
429	244	589.06256	462.80054	1010.3226	1039.4202	1052.0057	741.70258	915.20972	947.3045	1086.5122
430	244	588.82623	462.80585	1010.3226	1039.1501	1051.8788	741.28845	914.85333	947.3045	1086.3458
431	244	588.64966	462.92755	1010.3681	1038.91	1051.587	740.83136	914.42712	947.3045	1086.1879
432	244	588.44501	462.90991	1010.3551	1038.72	1051.5066	740.52667	913.3161	947.3045	1086.0343
433	244	588.24231	462.60123	1010.2315	1038.5901	1051.3713	740.341	912.70825	947.3045	1085.8806
434	244	588.03162	462.06143	1010.069	1038.4801	1051.1852	739.6792	912.0863	947.3045	1085.7355
435	244	587.87604	461.59927	1009.9064	1038.37	1050.9695	737.87494	911.46448	947.3045	1085.5903
436	244	587.66193	461.48285	1009.7504	1038.2701	1050.7495	737.62256	910.84253	947.3045	1085.4496
437	244	587.38464	461.13358	1009.5618	1038.15	1050.5592	737.31787	910.2207	947.3045	1085.313
438	244	587.0473	460.68552	1009.2757	1038.02	1050.4619	736.93707	909.5918	947.3045	1085.1764
439	244	586.72083	460.95895	1008.9116	1037.9	1050.2548	736.4657	908.97693	947.3045	1085.0398
440	244	586.3725	460.6626	1008.5345	1037.78	1050.1954	735.93726	908.36206	947.3045	1084.8989
441	244	585.99597	460.45975	1008.2809	1037.6401	1050.0813	735.50403	907.75415	947.3045	1084.7496
442	244	585.6593	460.5444	1008.1833	1037.5	1049.9247	735.08032	907.14624	947.3045	1084.5959
443	244	585.36804	460.38916	1008.2094	1037.3601	1049.7344	734.89941	906.55231	947.3045	1084.4338
444	244	585.12079	460.24277	1008.2159	1037.23	1049.5482	734.5376	905.96533	947.3045	1084.2716
445	244	584.84259	460.18103	1008.1639	1037.1	1049.3918	734.00439	905.38538	947.3045	1084.1008
446	244	584.71759	460.1687	1007.9948	1036.96	1049.2987	733.34265	904.81946	947.3045	1083.9302
447	244	584.65588	460.02756	1007.7477	1036.7902	1048.9985	732.57611	904.26746	947.3045	1083.7509
448	244	584.58124	459.82471	1007.4031	1036.61	1048.9435	731.73822	903.73633	947.3045	1083.5631
449	244	584.42456	459.83704	1007.0455	1036.38	1048.8461	730.99078	903.2193	947.3045	1083.3754
450	244	584.18768	459.71884	1006.7334	1036.1501	1048.7024	730.54803	902.73016	947.3045	1083.179
451	244	583.96088	459.87057	1006.4929	1035.9399	1048.5248	730.09576	902.276	947.3045	1082.9741
452	244	583.70941	459.73297	1006.2783	1035.72	1048.3556	729.57684	901.85675	947.3045	1082.7607
453	244	583.58386	459.21262	1006.0052	1035.48	1048.2075	728.79608	901.50043	947.3045	1082.543
454	244	583.39264	458.80334	1005.6541	1035.22	1048.106	727.8963	900.75977	947.3045	1082.3212
455	244	583.23242	457.43802	1005.368	1034.9601	1047.6873	726.97272	900.78766	947.3045	1082.0948
456	244	583.13519	456.80124	1005.199	1034.7101	1047.5731	726.14429	900.98334	947.3045	1081.8558
457	244	582.74323	456.5878	1005.1794	1034.4501	1047.4208	725.56348	900.63391	947.3045	1081.6084
458	244	582.00995	457.117	1005.0949	1034.22	1047.2389	725.23022	900.19373	947.3045	1081.3566
459	244	580.5766	457.28104	1004.7828	1034	1047.0486	724.88745	899.69763	947.3045	1081.0963
460	244	578.79425	458.47348	1004.0676	1033.7701	1046.871	724.29712	899.15265	947.3045	1080.8317
461	244	578.20398	458.36765	1003.1962	1033.58	1046.7229	723.46393	898.5517	947.3045	1080.5585
462	244	577.9856	458.60226	1002.4941	1033.42	1046.5961	722.55463	897.93683	947.3045	1080.281
463	244	579.4964	458.35883	1002.3185	1033.2802	1046.0757	721.67865	897.29401	947.3045	1080
464	244	581.0072	457.6691	1002.4615	1033.15	1045.8431	720.93121	896.63715	947.3045	1079.7219
465	244	580.80048	456.81708	1002.637	1033.01	1045.5598	720.44562	895.96637	947.3045	1079.4446
466	244	580.39124	456.65305	1002.6631	1032.83	1045.251	720.15997	895.27466	947.3045	1079.1757
467	244	580.04791	456.36905	1002.5655	1032.6201	1044.9464	719.75531	894.58289	947.3045	1078.9154
468	244	579.8761	456.21204	1002.455	1032.3901	1044.6715	719.04596	893.87714	947.3045	1078.655
469	244	579.81018	456.32492	1002.3055	1032.16	1044.4642	718.09851	893.17145	947.3045	1078.4031
470	244	579.74805	456.35669	1002.1299	1031.92	1044.3036	717.07501	892.46564	947.3045	1078.1556
471	244	579.58173	456.29318	1001.8828	1031.65	1043.8298	716.06573	891.75293	947.3045	1077.9166
472	244	579.43848	456.26144	1001.6228	1031.37	1043.6522	715.15637	891.0332	947.3045	1077.6733
473	244	579.32446	456.07092	1001.4147	1031.08	1043.4618	714.49457	890.32056	947.3045	1077.4258
474	244	579.23926	455.83984	1001.2911	1030.79	1043.2758	714.15662	889.60083	947.3045	1077.1057
475	244	579.05487	455.6705	1001.1807	1030.5302	1043.0981	713.85669	888.88116	947.3045	1076.7472
476	244	578.89941	455.32477	1001.0311	1030.3102	1042.9458	713.40912	888.15442	947.3045	1076.363
477	244	578.74146	455.05841	1000.8556	1030.14	1042.8317	712.72839	887.43469	947.3045	1076.0771
478	244	578.65753	455.11133	1000.641	1030	1042.7471	711.93329	886.71503	947.3045	1075.8424
479	244	578.63892	455.2948	1000.4003	1029.89	1042.3663	711.11926	885.9953	947.3045	1075.6504
480	244	578.87006	455.59641	1000.1273	1029.8101	1042.2648	710.367	885.28265	947.3045	1075.4456
481	244	579.04938	455.68283	999.85419	1029.7401	1042.1633	709.82904	884.56293	947.3045	1075.2406
482	244	579.24194	455.76401	999.58112	1029.6401	1042.0787	709.53864	881.49542	947.3045	1074.9504
483	244	579.23322	455.73401	999.28851	1029.51	1042.0026	709.22443	880.83862	947.3045	1074.5834
484	244	579.27991	455.8187	999.00238	1029.3501	1041.9349	708.73401	880.16785	947.3045	1074.1395
485	244	579.25018	455.70404	998.72278	1029.17	1041.8673	708.02942	879.50403	947.3045	1073.7853
486	244	579.24298	455.8028	998.49524	1028.98	1041.7954	707.23438	878.84021	947.3045	1073.5078
487	244	579.03729	455.50824	998.28723	1028.8102	1041.4739	706.41553	878.17639	947.3045	1073.3158
488	244	578.79431	455.59641	998.0921	1028.66	1041.385	705.65857	877.50562	947.3045	1073.1323
489	244	578.38068	455.59116	997.8255	1028.5302	1041.2877	705.10632	876.84186	947.3045	1072.9573
490	244	578.08496	455.22244	997.4939	1028.35	1041.1863	704.8064	876.17108	947.3045	1072.7993
491	244	577.68658	454.71442	997.12982	1028.15	1041.0804	704.58264	875.49323	947.3045	1072.6499
492	244	577.35956	454.29459	996.83722	1027.9102	1040.9747	704.21606	874.82245	947.3045	1072.5092
493	244	576.95807	454.08115	996.63562	1027.6101	1040.8649	703.63519	874.15167	947.3045	1072.3683
494	244	576.57568	453.02631	996.42761	1027.2902	1040.7463	702.93542	873.47388	947.3045	1072.2231
495	244	576.13098	453.28561	996.16748	1026.95	1040.3318	702.17365	872.8031	947.3045	1072.0568
496	244	575.90765	452.92398	995.87488	1026.62	1040.184	701.42621	872.13232	947.3045	1071.8817
497	244	575.61755	452.44772	995.64081	1026.3199	1040.0146	700.79779	871.45453	947.3045	1071.6897
498	244	575.4563	452.60822	995.40674	1026.03	1039.8329	700.50262	870.77679	947.3045	1071.5148
499	244	575.22955	452.5994	995.0426	1025.8102	1039.634	700.37885	870.10596	947.3045	1071.3824
500	244	575.12012	452.80051	994.52893	1025.6	1039.4436	700.21692	869.43518	947.3045	1071.28
501	244	573.01208	452.59412	993.96979	1025.42	1039.2618	699.9361	871.00732	947.3045	1071.1947
502	244	571.68909	452.70703	993.44965	1025.2601	1039.0841	699.59332	870.68591	947.3045	1071.0836
503	244	572.08972	452.98044	992.95544	1025.09	1038.5851	699.21722	870.10596	947.3045	1070.9727
504	244	574.39484	453.05276	992.44177	1024.9202	1038.4075	698.8363	869.33734	947.3045	1070.802
505	244	575.81219	453.26443	991.94116	1024.6802	1038.2212	698.1936	868.44293	947.3045	1070.6056
506	244	575.51373	453.28561	991.52502	1024.4001	1038.0013	697.09393	867.45776	947.3045	1070.405
507	244	575.19281	452.84106	991.21942	1024.1101	1037.7603	696.62256	866.39563	947.3045	1070.2386
508	244	575.06378	452.61353	990.96576	1023.8101	1037.5192	695.66089	865.37549	947.3045	1070.0892
509	244	575.09644	452.60999	990.77075	1023.4901	1037.295	695.33716	864.33435	947.3045	1069.927
510	244	575.23071	452.29422	990.60822	1023.1501	1037.1046	695.07056	863.28625	947.3045	1069.7521
511	244	575.3515	452.41772	990.45868	1022.85	1036.6013	694.90869	862.23114	947.3045	1069.5471
512	244	575.3985	452.44946	990.24408	1022.58	1036.4786	694.91345	861.17609	947.3045	1069.321
513	244	575.45508	452.483	989.91895	1022.3501	1036.3644	695.06104	860.13489	947.3045	1069.0691
514	244	575.4198	452.46887	989.5744	1022.2001	1036.2375	695.0896	859.09381	947.3045	1068.8345
515	244	575.27606	452.81284	989.27527	1022.0701	1036.0853	694.74677	858.06665	947.3045	1068.5997
516	244	575.12006	452.40891	989.09967	1021.95	1035.9034	693.72803	857.06744	947.3045	1068.3735
517	244	574.87811	452.83224	989.01514	1021.8301	1035.7131	692.57111	856.07526	947.3045	1068.126
518	244	574.72137	453.06158	988.94366	1021.72	1035.5354	691.43329	855.10394	947.3045	1067.9296
519	244	574.51196	454.20993	988.78107	1021.6301	1035.1167	690.41925	854.16064	947.3045	1067.6863
520	244	574.33325	454.31049	988.48199	1021.51	1035.0575	689.59564	853.25238	947.3045	1067.5242
521	244	572.94647	454.77441	988.08539	1021.3701	1034.9983	688.98627	852.38586	947.3045	1067.4089
522	244	572.83514	454.28226	987.68225	1021.2101	1034.918	688.76251	851.57532	947.3045	1067.4175
523	244	572.86444	453.91711	987.31158	1021.0201	1034.7994	688.67676	850.8277	947.3045	1067.4089
524	244	574.09534	454.32635	987.01904	1020.81	1034.6556	688.41022	850.19183	947.3045	1067.3619
525	244	574.15094	454.00885	986.77844	1020.56	1034.5034	687.94843	849.76563	947.3045	1067.3065
526	244	573.93793	453.94708	986.58344	1020.2601	1034.3596	687.36755	850.58313	947.3045	1067.2212
527	244	573.42456	453.70895	986.37531	1019.97	1034.0212	686.75348	849.91235	947.3045	1067.1102
528	244	572.60687	452.71054	986.1283	1019.67	1033.9535	686.18213	849.24158	947.3045	1066.9694
529	244	571.80371	452.55353	985.76416	1019.3901	1033.8647	685.76318	848.57776	947.3045	1066.8328
530	244	571.87646	452.89401	985.30249	1019.15	1033.7463	685.54419	847.92096	947.3045	1066.7218
531	244	571.98297	454.15524	984.86688	1018.92	1033.594	685.40137	847.2641	947.3045	1066.6322
532	244	572.11511	454.00705	984.60022	1018.6601	1033.4122	685.01099	846.60724	947.3045	1066.5681
533	244	571.77667	454.00177	984.47021	1018.3901	1033.2303	684.573	845.95746	947.3045	1066.5211
534	244	571.55035	453.45496	984.35321	1018.1301	1033.0612	684.07788	845.30066	947.3045	1066.4744
535	244	571.42084	453.3826	984.11914	1017.8701	1032.8453	683.57794	844.65778	947.3045	1066.4144
536	244	570.93427	453.15152	983.80048	1017.59	1032.8199	683.12097	844.02893	947.3045	1066.342
537	244	570.14215	452.46536	983.5014	1017.32	1032.8242	682.78772	843.40002	947.3045	1066.278
538	244	569.02228	452.63644	983.29987	1017.0601	1032.8199	682.61151	842.78516	947.3045	1066.2354
539	244	568.15479	452.84283	983.18927	1016.85	1032.782	682.47351	842.17725	947.3045	1066.2395
540	244	567.90369	452.95398	983.08527	1016.69	1032.7058	682.25452	841.59033	947.3045	1066.2097
541	244	568.40204	453.03864	982.9552	1016.5901	1032.5958	681.92603	841.02435	947.3045	1066.1287
542	244	569.1344	452.77933	982.81219	1016.52	1032.4817	681.54517	840.47931	947.3045	1065.9365
543	244	569.8479	452.44415	982.66913	1016.4401	1032.4268	681.14996	839.9693	947.3045	1065.689
544	244	570.13483	452.17783	982.51959	1016.34	1032.4774	680.79291	839.5011	947.3045	1065.3732
545	244	570.48157	452.12491	982.36353	1016.2101	1032.5874	680.53107	839.07483	947.3045	1065.0573
546	244	570.82825	451.98553	982.21399	1016.06	1032.7058	680.39777	838.72552	947.3045	1064.7543
547	244	570.69495	451.97144	982.09698	1015.8801	1032.765	680.27399	838.453	947.3045	1064.5067
548	244	570.43927	451.72977	982.01892	1015.6801	1032.748	680.08832	838.2923	947.3045	1064.3019
549	244	570.11627	451.5816	981.99292	1015.46	1032.6298	679.81696	838.28528	947.3045	1064.144
550	244	569.95929	452.29422	981.97339	1015.21	1032.4604	679.49316	838.48096	947.3045	1064.05
551	244	569.8855	452.59766	981.90186	1014.95	1032.4139	679.14569	838.10358	947.3045	1064.016
552	244	569.66888	452.49182	981.72632	1014.6901	1032.5536	678.7934	837.6145	947.3045	1064.0287
553	244	569.36835	452.35599	981.44025	1014.4401	1032.8369	678.51251	837.05548	947.3045	1064.0543
554	244	569.07825	452.30835	981.05664	1014.2101	1033.1456	678.36493	836.43365	947.3045	1064.0543
555	244	568.97717	451.4881	980.65997	1013.9901	1033.3868	678.30298	835.76288	947.3045	1063.9647
556	244	569.00537	451.01004	980.29584	1013.79	1033.5432	678.23639	835.06409	947.3045	1063.8068
557	244	569.31281	450.54791	979.98376	1013.6	1033.611	678.07922	834.34436	947.3045	1063.6147
558	244	569.81158	450.14569	979.69116	1013.46	1033.6068	677.84595	833.60376	947.3045	1063.4696
559	244	570.23718	451.42636	979.41809	1013.3701	1033.611	677.55554	832.8421	947.3045	1063.3971
560	244	570.4433	451.66095	979.23602	1013.36	1033.6278	677.22705	832.07349	947.3045	1063.3287
561	244	570.53174	451.24643	979.16449	1013.4	1033.6617	676.94147	831.29089	947.3045	1063.2477
562	244	570.51459	451.28525	979.16449	1013.47	1033.6659	676.77954	830.50134	947.3045	1063.1112
563	244	570.41724	451.68036	979.13202	1013.55	1033.6194	676.76526	829.70477	947.3045	1062.9916
564	244	570.0957	451.58862	979.00842	1013.6	1033.5264	676.77478	828.9082	947.3045	1062.8763
565	244	569.77985	451.33817	978.76788	1013.61	1033.3826	676.72717	828.09766	947.3045	1062.7996
566	244	569.4762	451.53397	978.44281	1013.5901	1033.2429	676.64154	827.28705	947.3045	1062.7356
567	244	569.35034	451.2041	978.07214	1013.54	1033.1077	676.55103	826.47656	947.3045	1062.6715
568	244	569.54749	451.4599	977.73401	1013.48	1033.095	676.4892	825.65906	947.3045	1062.5819
569	244	569.74866	451.44928	977.46741	1013.45	1033.0823	676.48444	824.84149	947.3045	1062.4923
570	244	569.91138	451.49515	977.26587	1013.45	1033.0188	676.44629	824.01697	947.3045	1062.3984
571	244	569.59723	451.32758	977.0188	1013.5101	1032.875	676.25586	823.1925	947.3045	1062.3088
572	244	569.24554	451.43869	976.68073	1013.5901	1032.6677	675.92743	822.36798	947.3045	1062.2234
573	244	568.9126	451.42285	976.24506	1013.7	1032.4014	675.55127	821.54346	947.3045	1062.1381
574	244	568.77228	451.41223	975.77692	1013.8	1032.1476	675.23706	820.71198	947.3045	1062.0314
575	244	568.88	451.32758	975.26324	1013.86	1031.9445	675.03229	819.88043	947.3045	1061.8691
576	244	569.1861	451.15295	974.75604	1013.85	1031.9572	674.97522	814.36737	947.3045	1061.6898
577	244	569.43488	451.54984	974.27496	1013.7801	1032.0121	675.05615	813.55682	947.3045	1061.5192
578	244	569.41486	451.35757	973.80676	1013.6601	1032.0079	675.06091	812.74628	947.3045	1061.4125
579	244	569.00793	451.33463	973.30609	1013.5101	1031.9022	674.73236	811.92877	947.3045	1061.3698
580	244	568.26855	451.28876	972.73389	1013.36	1031.6907	674.07068	811.10425	947.3045	1061.2887
581	244	567.07263	451.07355	972.12921	1013.2201	1031.3904	673.27557	810.27972	947.3045	1061.1479
582	244	566.01855	451.36816	971.57001	1013.0901	1031.0817	672.50439	809.44824	947.3045	1060.8491
583	244	565.7995	451.35934	971.0954	1012.9501	1030.7728	671.80457	808.61676	947.3045	1060.5205
584	244	566.25366	451.31522	970.69879	1012.81	1030.8448	671.21417	807.77826	947.3045	1060.0638
585	244	566.79126	451.34695	970.36066	1012.67	1031.0479	670.80951	806.93976	947.3045	1059.5518
586	244	566.87103	451.04358	970.03552	1012.5101	1031.272	670.59528	806.10822	947.3045	1058.967
587	244	566.71881	450.54437	969.71698	1012.3401	1031.4877	670.42865	805.29077	947.3045	1058.4207
588	244	566.40295	450.2092	969.36584	1012.11	1031.7457	670.15253	804.48022	947.3045	1057.9128
589	244	565.99701	450.01871	968.94965	1011.8401	1032.0714	669.75262	803.69061	947.3045	1057.4519
590	244	565.57605	449.40308	968.45557	1011.51	1032.4182	669.32416	802.92896	947.3045	1057.0421
591	244	565.44165	449.79468	967.96136	1011.1301	1032.5155	668.93378	802.19531	947.3045	1056.6964
592	244	565.33643	449.72058	967.55829	1010.7401	1032.2109	668.64337	801.51056	947.3045	1056.3934
593	244	565.32294	449.35544	967.27216	1010.3401	1031.5004	668.50055	800.86768	947.3045	1056.1245
594	244	565.16559	449.16846	967.06409	1009.9601	1030.6586	668.40051	800.29474	947.3045	1055.8643
595	244	565.08417	449.17374	966.85602	1009.61	1029.8296	668.08636	799.80566	947.3045	1055.5697
596	244	564.95691	449.08377	966.56989	1009.31	1029.0345	667.53882	799.41431	947.3045	1055.2709
597	244	564.79797	449.13318	966.20581	1009.0701	1028.2943	666.85333	799.15576	947.3045	1054.9935
598	244	564.60376	449.16669	965.79614	1008.88	1027.7106	666.1582	799.05798	947.3045	1054.7887
599	244	564.30664	449.4454	965.41254	1008.72	1027.4146	665.5108	799.18372	947.3045	1054.6392
600	244	563.99774	449.56888	965.10046	1008.5801	1027.4695	664.96326	799.60999	947.3045	1054.5795
601	244	563.69897	449.35367	964.83386	1008.45	1027.5414	664.58716	798.93219	947.3045	1054.5837
602	244	563.4812	449.14728	964.57379	1008.3101	1027.4865	664.39191	798.12866	947.3045	1054.635
603	244	563.11969	448.99561	964.25513	1008.1401	1027.2876	664.13489	797.23425	947.3045	1054.6862
604	244	562.68475	448.89856	963.85205	1007.9301	1026.9873	663.8064	796.263	947.3045	1054.7246
605	244	562.02264	448.91797	963.39691	1007.6901	1026.6151	663.28271	795.24286	947.3045	1054.7332
606	244	561.44379	448.69571	962.94824	1007.42	1026.281	662.69238	794.18774	947.3045	1054.6862
607	244	560.95825	448.62164	962.56464	1007.15	1026.0822	662.09729	793.0907	947.3045	1054.5881
608	244	560.77655	448.70981	962.26556	1006.9	1026.1456	661.5545	791.97278	947.3045	1054.4728
609	244	561.29517	449.24783	962.07043	1006.7	1026.2428	661.16888	790.81281	947.3045	1054.3405
610	244	562.0155	449.10141	961.94043	1006.5701	1026.2682	660.94989	789.64594	947.3045	1054.1954
611	244	563.04175	448.57397	961.80383	1006.47	1026.1541	660.73566	788.44409	947.3045	1054.0333
612	244	563.58392	449.84055	961.58282	1006.4301	1025.875	660.47382	787.22131	947.3045	1053.8241
613	244	563.92212	449.83701	961.25122	1006.3901	1025.4646	660.03583	785.97754	947.3045	1053.5894
614	244	563.93127	450.36621	960.88055	1006.35	1025.0459	659.54547	784.71985	947.3045	1053.329
615	244	563.77722	450.43854	960.49048	1006.2901	1024.8259	659.08368	783.43408	947.3045	1053.1156
616	244	563.61243	450.46677	960.12634	1006.2	1024.957	658.70758	782.14844	947.3045	1052.9065
617	244	563.30347	450.35211	959.79474	1006.06	1025.2151	658.49335	780.84882	947.3045	1052.7102
618	244	562.94263	449.96753	959.53467	1005.89	1025.4985	658.39807	779.5351	947.3045	1052.5052
619	244	562.52484	449.38721	959.35913	1005.7101	1025.7311	658.08868	778.2215	947.3045	1052.3132
620	244	562.24176	449.20023	959.22906	1005.54	1025.8876	657.71735	776.90088	947.3045	1052.1168
621	244	562.0415	449.26724	959.07953	1005.36	1026.0018	657.1413	775.57324	947.3045	1051.9034
622	244	561.90814	449.42249	958.87793	1005.18	1026.078	656.53186	774.25262	947.3045	1051.6774
623	244	561.77356	449.92166	958.63733	1004.99	1026.1287	655.94629	772.93207	947.3045	1051.4341
624	244	561.60602	450.11044	958.36426	1004.79	1026.3824	655.44165	771.60443	947.3045	1051.1566
625	244	561.39899	449.49127	958.05865	1004.58	1026.4078	655.12268	770.29779	947.3045	1050.845
626	244	561.06873	448.96561	957.70105	1004.3601	1026.4207	654.96558	764.98737	947.3045	1050.5293
627	244	560.85345	448.828	957.33044	1004.12	1026.4375	654.78467	763.77155	947.3045	1050.2518
628	244	560.7934	448.90033	956.92078	1003.85	1026.4502	654.47998	762.5697	947.3045	1050.0385
629	244	560.8606	448.6322	956.5177	1003.5701	1026.501	654.02295	761.37482	947.3045	1049.8848
630	244	560.86328	448.57578	956.08203	1003.26	1026.5221	653.48969	760.20099	947.3045	1049.7823
631	244	560.74353	448.62689	955.63342	1002.9301	1026.5432	652.94226	759.03412	947.3045	1049.6757
632	244	560.59106	448.75919	955.14569	1002.5901	1026.4586	652.43756	755.41461	947.3045	1049.5221
633	244	560.5365	448.92679	954.72961	1002.2401	1026.2472	652.07574	754.28265	947.3045	1049.3171
634	244	560.61322	448.79095	954.41748	1001.9	1025.9849	651.88531	753.16467	947.3045	1049.014
635	244	560.81122	448.64807	954.18988	1001.5701	1025.7439	651.71875	752.08154	947.3045	1048.63
636	244	561.00433	448.93207	953.93634	1001.3	1025.5197	651.46161	751.00555	947.3045	1048.1776
637	244	561.15765	448.76627	953.60474	1001.05	1025.3167	651.08551	749.95746	947.3045	1047.7551
638	244	561.33051	448.71689	953.16913	1000.8401	1025.1729	650.65704	748.92328	947.3045	1047.4137
639	244	561.44232	448.89151	952.72699	1000.62	1025.1262	650.22858	747.91016	947.3045	1047.1788
640	244	561.52325	449.28488	952.38232	1000.42	1025.0925	649.85248	746.92487	947.3045	1047.0295
641	244	561.42804	449.78232	952.26532	1000.2401	1024.9783	649.60492	745.96765	947.3045	1046.9229
642	244	561.33203	450.02399	952.24579	1000.04	1024.8218	649.4621	745.03827	947.3045	1046.782
643	244	561.25006	449.93579	952.21326	999.82806	1024.6483	649.2431	744.1369	947.3045	1046.6198
644	244	561.20026	449.71704	952.07025	999.57104	1024.4877	648.88605	743.27045	947.3045	1046.4149
645	244	561.19647	449.28839	951.88818	999.26898	1024.3522	648.40045	742.43896	947.3045	1046.2229
646	244	561.15027	449.07672	951.68011	998.92706	1024.2761	647.87671	741.64941	947.3045	1046.0436
647	244	561.04364	448.89328	951.45258	998.57605	1024.2549	647.36261	740.90179	947.3045	1045.8986
648	244	560.80615	448.85623	951.16644	998.24701	1024.1704	646.896	740.203	947.3045	1045.762
649	244	560.5257	448.55283	950.83484	997.96307	1023.942	646.5675	739.55316	947.3045	1045.6296
650	244	560.50507	448.26178	950.48376	997.73505	1023.6628	646.39142	738.95227	947.3045	1045.4973
651	244	560.7677	447.99188	950.1261	997.56604	1023.3879	646.21051	738.4212	947.3045	1045.3522
652	244	561.11816	448.14532	949.73602	997.44708	1023.1637	645.91528	737.97406	947.3045	1045.1772
653	244	561.31635	448.24765	949.27435	997.35803	1022.9988	645.47729	737.61768	947.3045	1044.9681
654	244	561.32404	448.29706	948.76068	997.27301	1022.9522	644.96313	737.38007	947.3045	1044.6779
655	244	561.45673	448.58279	948.25354	997.16406	1022.8464	644.42517	737.2962	947.3045	1044.2981
656	244	561.63922	448.93738	947.82434	997.00598	1022.7027	643.92053	737.42902	947.3045	1043.8584
657	244	561.78394	449.89874	947.46674	996.79407	1022.4109	643.54443	737.10059	947.3045	1043.4359
658	244	561.75122	450.44736	947.12213	996.53204	1022.0386	643.34924	736.62543	947.3045	1043.1116
659	244	561.56915	450.63785	946.77753	996.22607	1021.6833	643.21118	736.06647	947.3045	1042.9196
660	244	561.37476	450.68903	946.43939	995.87402	1021.3915	643.00647	735.43756	947.3045	1042.7786
661	244	561.05029	450.80191	946.14685	995.47107	1021.2181	642.68274	734.75281	947.3045	1042.6335
662	244	560.74005	450.91656	945.88672	995.02106	1021.1631	642.2923	734.03308	947.3045	1042.4244
663	244	560.38214	451.01358	945.63318	994.53809	1020.9771	641.88287	733.27844	947.3045	1042.2324
664	244	560.11102	451.00122	945.36005	994.04004	1020.7232	641.49725	732.50287	947.3045	1042.0275
665	244	559.92877	450.83365	945.07397	993.547	1020.3806	641.22119	731.72028	947.3045	1041.844
666	244	559.81464	450.80368	944.77484	993.07806	1020.0211	641.06403	730.92371	947.3045	1041.686
667	244	559.86621	450.82132	944.49524	992.64307	1019.6616	640.91644	730.12018	947.3045	1041.5879
668	244	559.93896	450.92538	944.2417	992.24603	1019.3485	640.68793	729.30963	947.3045	1041.5197
669	244	559.98535	450.98889	944.03363	991.89307	1019.1244	640.35468	728.49207	947.3045	1041.4513
670	244	560.04767	451.06473	943.83862	991.56305	1019.0356	639.96429	727.66058	947.3045	1041.3702
671	244	560.13245	451.00122	943.61102	991.23608	1018.9129	639.55011	726.82214	947.3045	1041.2422
672	244	560.24762	450.74191	943.34442	990.88702	1018.7861	639.15021	725.98364	947.3045	1041.0459
673	244	560.2229	450.12277	943.04529	990.508	1018.5957	638.84076	725.13116	947.3045	1040.8026
674	244	560.33606	449.35898	942.75275	990.09705	1018.3969	638.66461	724.26477	947.3045	1040.4569
675	244	560.54919	449.1561	942.47961	989.65405	1018.2192	638.53125	723.3913	947.3045	1040.0642
676	244	560.78784	449.93048	942.23254	989.18707	1018.0839	638.34088	722.49695	947.3045	1039.6375
677	244	560.71729	450.80014	942.005	988.70703	1018.0204	638.05042	721.58856	947.3045	1039.2704
678	244	560.47107	451.64157	941.7644	988.23804	1018.0036	637.7124	720.65918	947.3045	1038.993
679	244	560.11139	451.64331	941.49133	987.79407	1017.8809	637.38391	719.70892	947.3045	1038.8009
680	244	560.00024	451.20938	941.1142	987.38904	1017.7032	637.10779	718.73767	947.3045	1038.6686
681	244	559.76318	450.7243	940.64606	987.02808	1017.496	636.94598	717.74548	947.3045	1038.5492
682	244	559.51837	450.7825	940.10638	986.711	1017.2971	636.83173	713.9024	947.3045	1038.3912
683	244	558.94092	450.80719	939.59271	986.43805	1017.128	636.58411	712.92413	947.3045	1038.2119
684	244	558.45782	450.71368	939.15057	986.20502	1016.9927	636.12238	711.93195	947.3045	1037.9645
685	244	558.05548	450.79132	938.79944	986.00208	1016.9165	635.50818	710.94672	947.3045	1037.6699
686	244	557.85779	450.91306	938.52631	985.81506	1016.8911	634.84644	709.95453	947.3045	1037.3668
687	244	557.76843	450.89716	938.2793	985.62799	1016.7346	634.19897	708.9693	947.3045	1037.1151
688	244	557.83875	450.96597	938.00616	985.43201	1016.5654	633.63245	707.99109	947.3045	1036.9144
689	244	557.79456	450.62375	937.62256	985.22601	1016.392	633.23254	707.04071	947.3045	1036.7267
690	244	557.94995	450.53729	937.11536	985.01306	1016.2778	633.01831	704.03619	947.3045	1036.5986
691	244	557.70508	449.86346	936.49121	984.79407	1016.2397	632.82312	703.12085	947.3045	1036.4792
692	244	557.49463	449.90051	935.82794	984.57208	1016.2821	632.48511	702.21246	947.3045	1036.3384
693	244	556.89789	450.38208	935.16473	984.35101	1016.3624	631.98993	701.32507	947.3045	1036.1293
694	244	556.43573	449.68179	934.48853	984.12909	1016.3666	631.41864	700.4516	947.3045	1035.8304
695	244	556.07281	449.1561	933.79285	983.90808	1015.783	630.83783	699.59216	947.3045	1035.4548
696	244	556.01587	448.74155	933.05157	983.68304	1015.2204	630.31415	698.7467	947.3045	1035.0366
697	244	556.07996	448.92325	932.27783	983.45404	1014.5182	629.93805	697.91522	947.3045	1034.6354
698	244	556.2547	449.03088	931.49109	983.22107	1013.7866	629.72388	697.10461	947.3045	1034.2941
699	244	556.37866	449.06262	930.71735	982.98206	1013.0844	629.5191	696.30109	947.3045	1034.0166
700	244	556.53119	449.04321	929.9566	982.73804	1012.488	629.18109	695.51849	947.3045	1033.799
701	244	556.64514	448.9603	929.22186	982.49109	1012.0566	628.69073	694.75684	947.3045	1033.5856
702	244	556.6424	448.85446	928.55865	982.23706	1011.8282	628.14325	694.00922	947.3045	1033.2869
703	244	556.651	448.49109	927.97345	981.97205	1011.2784	627.58624	693.28949	947.3045	1032.924
704	244	556.51373	448.36234	927.42731	981.73206	1010.9527	627.08154	692.59076	947.3045	1032.4161
705	244	556.27106	448.29706	926.9071	981.43005	1010.5128	626.71979	691.92694	947.3045	1031.8229
706	244	555.87079	448.17355	926.40002	981.10406	1010.0052	626.51978	691.29114	947.3045	1031.1742
707	244	555.39514	448.15063	925.89276	980.75104	1009.485	626.33411	690.70416	947.3045	1030.6066
708	244	554.95618	448.09244	925.39209	980.37097	1009.0282	626.03418	690.17316	947.3045	1030.1371
709	244	554.48792	447.82254	924.88495	979.96808	1008.6984	625.60101	689.69098	947.3045	1029.7657
710	244	554.11334	447.35861	924.39081	979.54199	1008.5121	625.1106	689.29968	947.3045	1029.5011
711	244	553.95673	447.25983	923.89014	979.11707	1007.9581	624.625	688.99225	947.3045	1029.2664
712	244	554.1748	447.26688	923.409	978.71509	1007.6959	624.20129	688.81757	947.3045	1028.9846
713	244	554.53967	447.24396	922.9408	978.32605	1007.3702	623.91559	688.79663	947.3045	1028.6305
714	244	554.565	447.37448	922.49872	977.95703	1007.0107	623.75378	688.98529	947.3045	1028.1396
715	244	554.35352	447.40622	922.06305	977.61407	1006.6722	623.55383	688.58704	947.3045	1027.5507
716	244	554.05786	447.22101	921.43884	977.30505	1006.3762	623.21582	688.05591	947.3045	1026.9063
717	244	553.98706	447.24216	921.05518	976.88605	1006.1732	622.75397	687.44104	947.3045	1026.33
718	244	554.09265	447.26865	920.60657	976.45605	1006.059	622.25415	686.75629	947.3045	1025.8306
719	244	553.97821	447.33038	919.8783	976.00604	1005.691	621.76379	686.02264	947.3045	1025.3698
720	244	553.80994	447.3692	918.92902	975.56201	1005.5133	621.33527	685.24701	947.3045	1025.1094
721	244	553.44702	447.2757	918.88348	975.29907	1005.2934	621.03058	684.44348	947.3045	1024.9644
722	244	553.15149	447.10635	918.36981	974.97308	1005.0649	620.85919	683.61896	947.3045	1024.8618
723	244	552.76337	446.46252	917.8822	974.70905	1004.8493	620.65924	682.7735	947.3045	1024.6484
724	244	552.33533	445.50818	917.51807	974.48004	1004.6548	620.34027	681.92102	947.3045	1024.2943
725	244	551.88129	444.7532	916.8158	974.25903	1004.5067	619.90228	681.06158	947.3045	1023.9016
726	244	551.46765	444.27164	916.24365	974.08905	1004.4052	619.43097	680.18811	947.3045	1023.4833
727	244	551.08862	444.45862	915.69098	973.88507	1004	618.9787	679.32172	947.3045	1023.1462
728	244	550.92181	444.55209	915.20984	973.64905	1003.8976	618.59308	678.44824	947.3045	1022.8559
729	244	551.13519	444.56091	914.8197	973.38306	1003.7792	618.33594	677.57483	947.3045	1022.5914
730	244	551.43048	444.51331	914.4621	973.09406	1003.6523	618.17889	676.70142	947.3045	1022.3438
731	244	551.59882	444.34396	914.03296	972.79706	1003.5169	617.91229	675.828	947.3045	1022.1176
732	244	551.31268	444.35278	913.47375	972.508	1003.3901	617.44568	674.96155	947.3045	1021.9041
733	244	550.90533	444.4939	912.79102	972.24109	1003.2844	616.81732	674.09509	947.3045	1021.695
734	244	550.5155	444.55914	912.03027	972.00403	1003.1997	616.14606	673.2287	947.3045	1021.473
735	244	550.47815	444.10052	911.25006	971.79907	1002.6879	615.50806	672.37622	947.3045	1021.2042
736	244	550.81494	444.04761	910.17719	971.63007	1002.5018	614.96533	671.52374	947.3045	1020.9055
737	244	550.86658	444.11993	909.48145	971.49298	1002.265	614.61304	670.67828	947.3045	1020.5939
738	244	550.44684	444.04053	908.79224	971.39105	1001.9943	614.41309	669.8468	947.3045	1020.3336
739	244	549.71588	444.15344	907.98596	971.30804	1001.7235	614.11792	669.01526	947.3045	1020.1501
740	244	549.32343	444.18521	907.35522	971.21906	1001.4783	613.599	665.37482	947.3045	1019.9921
741	244	549.30133	443.9541	906.88062	971.09607	1001.2795	612.88965	664.64111	947.3045	1019.7915
742	244	549.6264	443.88531	906.26941	970.91107	1001.1273	612.13269	663.92139	947.3045	1019.4886
743	244	549.81958	443.58014	905.77527	970.64307	1000.3997	611.40424	663.2157	947.3045	1019.13
744	244	549.85754	443.22028	905.46967	969.29907	1000.1036	610.78534	662.53094	947.3045	1018.6649
745	244	549.44586	442.67343	904.90399	969.41907	999.73145	610.37115	661.85321	947.3045	1018.1569
746	244	549.18036	442.20071	904.55286	968.87909	999.30426	610.14264	661.20331	947.3045	1017.6234
747	244	548.9967	441.85675	904.21472	968.31805	998.86859	609.85223	660.57452	947.3045	1017.1667
748	244	549.1748	441.42102	903.87665	967.78308	998.47943	609.35712	659.96661	947.3045	1016.7827
749	244	549.44385	440.97119	903.55151	967.30408	998.17065	608.68585	659.37262	947.3045	1016.4583
750	244	549.50482	440.85831	903.19397	966.88708	997.94226	607.96222	658.79266	947.3045	1016.1979
751	244	549.33179	440.76129	902.7323	966.51807	997.03711	607.27661	656.94806	947.3045	1015.9205
752	244	548.72772	440.77011	902.12756	966.16998	996.72412	606.69104	656.38898	947.3045	1015.5535
753	244	548.23602	440.25681	901.37982	965.79706	996.33081	606.30542	655.84399	947.3045	1015.1011
754	244	547.92065	440.45081	900.52808	965.35504	995.89093	606.09595	655.31293	947.3045	1014.4993
755	244	547.72266	440.33618	899.6178	964.82208	995.4552	605.82458	654.78186	947.3045	1013.8335
756	244	547.12689	440.27441	898.13531	963.711	995.05762	605.37708	654.26483	947.3045	1013.1548
757	244	546.74304	439.99396	897.1925	962.90906	994.75311	604.77722	653.76172	947.3045	1012.5787
758	244	546.59479	439.61292	896.19769	962.15405	994.51202	604.12976	653.25165	947.3045	1012.1177
759	244	546.96735	439.44888	894.91675	961.51898	993.4884	603.49658	652.76251	947.3045	1011.755
760	244	546.96735	439.16663	893.7334	961.06708	993.12048	602.93958	652.2804	947.3045	1011.4946
761	244	546.96735	439.2319	893.81787	960.86206	992.66791	602.54443	651.79828	947.3045	1011.2429
762	244	546.96735	439.0379	893.60333	960.51703	992.16455	602.32544	651.33014	947.3045	1010.8801
763	244	546.96735	438.81915	893.18719	960.09106	991.65704	602.10168	650.86896	947.3045	1010.3935
764	244	545.76434	438.84912	892.80353	960.08905	991.19177	601.73981	650.42175	947.3045	1009.6851
765	244	544.61523	438.88089	892.10785	959.20203	990.79834	601.21136	649.98853	947.3045	1008.9339
766	244	543.3999	438.31464	891.34711	958.75305	990.46844	600.61151	649.56927	947.3045	1008.1657
767	244	543.36951	437.56671	890.91797	958.27307	989.26721	599.98309	649.164	947.3045	1007.5212
768	244	543.07831	437.13101	890.52136	957.763	988.9035	599.39276	648.78674	947.3045	1006.9066
769	244	542.61963	437.25977	889.98169	957.23602	988.4552	598.95001	648.4234	947.3045	1006.292
770	244	541.92578	436.75882	889.58502	956.70105	987.93066	598.71198	648.09497	947.3045	1005.6689
771	244	541.3808	436.64413	888.56421	956.15204	987.37231	598.53107	647.79449	947.3045	1005.0415
772	244	540.797	436.32837	887.20526	955.58801	986.83942	598.24066	647.54993	947.3045	1004.4013
773	244	540.28992	435.965	886.01538	955.00305	986.38263	597.78363	647.34729	947.3045	1003.7569
774	244	539.66455	435.86798	884.89697	954.38904	986.01465	597.22186	647.2215	947.3045	1003.074
775	244	539.13538	435.62985	883.34302	953.73804	985.07141	596.61725	647.20056	947.3045	1002.3314
776	244	538.6062	435.56107	881.763	952.59607	984.80499	596.03168	647.10272	947.3045	1001.5546
777	244	538.07703	435.37231	880.72919	951.40405	984.49194	595.58411	646.91406	947.3045	1000.8291
778	244	537.54779	435.02655	879.82538	950.61005	984.12402	595.34131	646.66254	947.3045	1000.27
779	244	537.01862	434.68262	878.9021	949.77502	983.71368	595.16998	646.3551	947.3045	999.92432
780	244	536.48944	434.63849	878.29736	948.90308	983.31189	594.90814	646.00568	947.3045	999.67676
781	244	536.5542	433.96994	877.58862	947.992	982.9693	594.4939	645.63538	947.3045	999.40363
782	244	536.89264	433.55011	876.80188	947.04706	982.71973	594.00354	645.23706	947.3045	998.9939
783	244	536.89758	433.54657	876.28174	946.06702	981.69617	593.4989	644.83881	947.3045	998.52435
784	244	536.51001	433.60657	875.98267	945.06	981.58624	593.04663	644.41956	947.3045	997.90125
785	244	536.07855	433.29611	875.39746	944.02905	981.34509	592.73242	644.00732	947.3045	997.20563
786	244	536.10022	433.12146	874.90326	942.98907	981.13367	592.55621	643.58112	947.3045	996.47577
787	244	535.99115	432.7916	874.29205	941.95105	980.73181	592.33246	643.17584	947.3045	995.86115
788	244	535.51251	432.4053	873.55731	940.93805	980.47382	591.9516	642.77051	947.3045	995.37891
789	244	534.888	432.03836	872.6991	939.95599	980.13965	591.42322	642.37225	947.3045	995.05884
790	244	534.13232	431.78259	871.77576	939.00702	979.75897	590.83282	641.98798	947.3045	994.76007
791	244	533.63129	431.6062	870.88501	938.07306	978.84534	590.24249	641.6106	947.3045	994.39307
792	244	532.85571	431.31335	870	937.13605	978.3717	589.70453	641.2403	947.3045	993.83392
793	244	532.19678	431.04703	869.08386	936.16309	977.69067	589.31415	640.88391	947.3045	993.22791
794	244	531.4516	430.76654	868.11505	935.14899	977.95715	589.10944	640.53461	947.3045	992.47668
795	244	531.24396	430.6272	867.1593	934.08405	975.77887	588.95709	640.19916	947.3045	991.66583
796	244	530.94519	430.52841	865.91089	932.98499	973.55829	588.71906	639.86377	947.3045	990.83783
797	244	531.01324	430.29205	865.09814	931.86707	972.04413	588.362	639.54236	947.3045	990.14642
798	244	530.74878	429.88101	864.30487	930.76306	971.3631	587.93829	639.21399	947.3045	989.59589
799	244	530.96478	429.50528	863.40753	929.69604	972.23444	587.49548	638.89948	947.3045	989.19043
800	244	531.23389	428.80676	862.79639	928.69604	971.44348	587.0813	637.45313	947.3045	988.89166
801	244	532.12769	428.59155	861.93811	927.77203	971.1474	586.76715	635.87396	947.3045	988.63129
802	244	533.01367	428.76263	860.80023	926.93109	970.53406	586.60046	635.58051	947.3045	988.25574
803	244	532.87445	427.89828	859.77942	926.15009	970.40717	586.45288	635.28705	947.3045	987.80756
804	244	532.27637	427.59134	858.99261	925.41504	969.87006	586.24823	634.99353	947.3045	987.18878
805	244	531.20587	427.59491	857.80273	924.70105	969.47668	585.953	634.70709	947.3045	986.56567
806	244	530.75793	427.63547	856.95099	924.00104	968.71112	585.62451	634.41357	947.3045	985.92542
807	244	530.21118	427.79599	856.06018	923.30408	968.24585	585.30554	634.12012	947.3045	985.3877
808	244	529.68665	428.15759	855.0979	922.61609	967.97089	585.0437	633.83362	947.3045	984.86273
809	244	529.06598	427.59665	854.06403	921.92407	967.86517	584.88184	633.54016	947.3045	984.3335
810	244	528.62659	427.02161	852.95868	921.21606	967.37878	584.7771	633.2467	947.3045	983.79572
811	244	528.1745	426.42361	851.8208	920.46704	967.12079	584.56293	632.95325	947.3045	983.27509
812	244	528.56989	426.07257	850.67645	919.68304	967.02771	584.18677	632.65973	947.3045	982.75433
813	244	528.98914	426.00378	849.54504	918.87598	966.68933	583.69641	632.37329	947.3045	982.23364
814	244	529.60999	426.12549	848.45923	918.06702	966.49481	583.16797	632.08679	947.3045	981.67456
815	244	530.62659	426.09372	847.47742	917.271	966.40173	582.66327	631.79333	947.3045	981.02161
816	244	531.38007	425.43402	846.93774	916.50903	966.31714	582.22058	631.51385	947.3045	980.32166
817	244	531.95703	424.90305	846.99628	915.79309	966.24524	581.91107	631.23438	947.3045	979.64728
818	244	530.77423	424.63315	847.61401	915.14105	965.97876	581.74927	630.95483	947.3045	979.12231
819	244	529.29944	424.5079	848.17316	914.55707	965.67847	581.57782	630.69629	947.3045	978.81079
820	244	527.52039	424.4003	848.24469	914.04205	965.10321	581.29224	630.43781	947.3045	978.58881
821	244	526.39752	423.79349	847.85455	913.56799	964.45184	580.87323	630.19324	947.3045	978.37122
822	244	525.7312	423.41071	847.04181	913.11505	963.74548	580.40198	629.97656	947.3045	978.06818
823	244	525.48022	423.03146	846.01447	912.66504	963.59326	579.91638	629.77399	947.3045	977.77368
824	244	525.11298	423.02792	844.92865	912.21802	962.74725	579.47357	629.61328	947.3045	977.41516
825	244	524.93805	422.82861	843.84277	911.77606	961.67297	579.1546	629.71112	947.3045	976.99261
826	244	524.97107	422.21121	842.49683	911.34009	960.55212	578.98798	629.73907	947.3045	976.54449
827	244	525.28912	421.81079	841.65808	910.91406	958.27234	578.83563	629.71112	947.3045	976.13904
828	244	525.84338	421.3786	840.92334	910.50403	957.14722	578.59283	629.64117	947.3045	975.81042
829	244	526.18048	421.46857	840.08453	910.112	956.77924	578.2215	629.54333	947.3045	975.5799
830	244	526.28021	421.39096	839.39526	909.74298	956.35626	577.78345	629.4176	947.3045	975.37085
831	244	525.62708	420.91113	838.77112	909.39606	955.94177	577.31219	629.27789	947.3045	975.14886
832	244	524.81122	421.89545	837.79578	909.13208	955.45538	576.8551	629.11713	947.3045	974.82452
833	244	524.01141	421.82666	836.8075	908.83508	955.09583	576.49811	628.94946	947.3045	974.35931
834	244	524.30176	420.30609	835.92969	908.55707	955.0705	576.3172	628.7608	947.3045	973.77893
835	244	524.68237	420.22498	834.57074	908.29401	954.47412	576.23627	628.56512	947.3045	973.05756
836	244	525.0932	420.18616	833.15979	908.04309	954.22028	576.13623	628.36951	947.3045	972.32776
837	244	524.51917	420.48428	832.19751	907.78497	954	575.93152	628.15289	947.3045	971.61499
838	244	523.17297	420.3396	831.32617	907.49603	953.81006	575.6554	627.93622	947.3045	971.01324
839	244	521.78479	420.05563	830.53949	907.14398	953.48859	575.33167	627.71265	947.3045	970.55231
840	244	521.33093	420.17554	830.09729	906.72406	953.1756	574.98413	627.48907	947.3045	970.33893
841	244	521.74921	420.32553	829.59662	906.24005	952.88794	574.69849	627.25848	947.3045	970.33038
842	244	522.27197	419.98154	829.05701	905.71002	952.57495	574.5509	627.02087	947.3045	970.48401
843	244	522.13086	419.55817	828.56281	905.15009	952.32538	574.49854	626.79034	947.3045	970.61206
844	244	521.98975	419.57407	827.77606	904.35803	951.89819	574.44623	626.54578	947.3045	970.74005
845	244	521.84863	419.19302	827.00226	904.52606	951.64447	574.32239	626.30121	947.3045	970.78705
846	244	521.70746	418.96545	826.45612	903.92108	951.42877	574.13196	626.06366	947.3045	970.7785
847	244	521.56635	418.8367	825.96198	903.37207	951.3399	573.9082	625.81213	947.3045	970.66327
848	244	521.42523	418.31104	825.77344	902.96008	951.07349	573.67969	631.71649	947.3045	970.5011
849	244	521.28412	417.35849	825.67584	902.51599	950.84082	573.49402	625.31604	947.3045	970.29626
850	244	521.68335	417.57013	825.75385	902.09009	950.79004	573.38452	624.59631	947.3045	970.08282
851	244	521.73914	416.91922	825.86444	901.66602	950.87048	573.29883	624.34479	947.3045	969.84381
852	244	521.6781	415.90494	825.91644	901.24603	950.79425	573.17029	624.0932	947.3045	969.57922
853	244	520.69843	415.67917	825.78644	900.83502	950.76886	572.97034	623.83466	947.3045	969.28046
854	244	519.88434	415.4657	825.53284	900.43604	950.77313	572.7323	623.59009	947.3045	968.97748
855	244	519.58704	414.78482	825.1687	900.06506	950.80695	572.48474	623.33154	947.3045	968.74274
856	244	519.7818	415.43222	824.55096	899.487	950.84509	572.25146	623.08002	947.3045	968.50372
857	244	520.26727	415.91199	824.06989	899.15399	950.84509	572.08484	622.82849	947.3045	968.31592
858	244	520.3421	416.55057	823.57568	898.89905	950.76471	571.9848	622.57697	947.3045	968.12817
859	244	520.26575	415.92612	823.01001	898.75104	950.87891	571.86578	622.31836	947.3045	967.96167
860	244	519.92328	416.1131	822.65887	898.75806	950.43896	571.65637	622.07385	947.3045	967.94464
861	244	519.68262	415.30695	822.11273	898.61908	950.57013	571.36121	621.81531	947.3045	967.99152
862	244	519.27441	415.41101	821.31299	898.40601	950.72662	571.02795	621.56372	947.3045	968.2049
863	244	519.03754	415.25052	820.53925	898.10406	950.31635	570.68994	621.31219	947.3045	968.37994
864	244	518.93506	414.96298	819.59644	897.74603	950.46436	570.38519	621.06067	947.3045	968.77679
865	244	519.01709	415.11115	818.62109	897.02704	950.62933	570.17102	620.80212	947.3045	969.48956
866	244	518.98285	414.90479	817.81482	896.67804	951.27649	570.04718	620.55756	947.3045	970.44989
867	244	518.96765	415.00357	817.00854	896.27307	951.43298	569.91388	620.30603	947.3045	971.46991
868	244	518.61304	414.85361	816.1958	895.87799	951.53448	569.67584	620.0545	947.3045	972.38324
869	244	517.74377	414.36499	815.37653	895.49005	951.74597	569.33783	619.81689	947.3045	973.18567
870	244	516.28326	414.55905	814.58331	895.10706	952.10547	568.96173	619.46753	947.3045	973.59106
871	244	515.12457	414.14273	813.77051	894.72601	952.14777	568.57611	619.06927	947.3045	973.64227
872	244	514.64117	413.21487	812.87323	894.34106	952.16473	568.22852	618.67798	947.3045	973.40759
873	244	514.64716	412.56924	811.77435	893.95105	952.09705	567.97626	618.28668	947.3045	973.12585
874	244	514.71484	412.37872	810.578	893.55304	952.08014	567.8382	617.9303	947.3045	972.82715
875	244	514.83417	412.21115	809.46613	893.14697	952.09705	567.70483	617.61591	947.3045	972.51984
876	244	514.97748	412.27466	808.87445	893.20801	952.01239	567.48108	617.59491	947.3045	972.25946
877	244	514.9444	412.26233	808.72485	892.60309	952.05475	567.14783	617.36432	947.3045	971.98633
878	244	514.77374	412.09827	808.91345	892.20099	952.05475	566.76227	617.13373	947.3045	971.72601
879	244	514.50238	412.05417	809.29706	891.79309	952.13086	566.36707	616.90314	947.3045	971.487
880	244	514.17517	412.16177	809.53766	891.38104	952.17316	566.01007	616.67957	947.3045	971.25647
881	244	513.72882	411.81955	809.29059	890.96606	952.28735	565.75299	616.46295	947.3045	971.03027
882	244	513.36633	411.21982	808.82239	890.55109	952.32117	565.61963	616.2533	947.3045	970.80408
883	244	513.62854	410.90405	808.34125	890.138	952.38043	565.50061	616.0437	947.3045	970.57367
884	244	513.17169	410.57419	808.04865	889.31805	952.46503	565.30072	615.84808	947.3045	970.3432
885	244	513.36017	410.42249	807.70404	889.30609	952.54956	564.99121	615.65942	947.3045	970.09564
886	244	512.4234	410.20551	807.25537	888.92706	952.63	564.61035	615.48474	947.3045	969.87372
887	244	512.54944	410.202	806.85229	888.55304	952.65955	564.17719	615.31	947.3045	969.6731
888	244	511.72296	409.89328	806.42963	888.18604	952.63843	563.72961	615.14929	947.3045	969.48956
889	244	511.93915	410.30252	806.03302	887.80603	952.55804	563.35352	614.99561	947.3045	969.28046
890	244	512.69958	410.3537	805.79248	887.39008	952.43536	563.16309	614.84888	947.3045	969.07983
891	244	514.1405	410.27783	805.80542	886.83704	952.18585	563.1488	614.70911	947.3045	968.86646
892	244	514.55457	410.12259	805.83142	886.21899	951.94055	563.17737	614.57635	947.3045	968.63605
893	244	514.14313	409.75217	805.78595	885.55408	951.69098	563.12024	614.4436	947.3045	968.35858
894	244	513.25574	409.48932	805.70795	884.87402	951.4541	562.97742	614.32483	947.3045	968
895	244	512.99792	409.72925	805.42181	884.20502	951.37378	562.76794	614.20599	947.3045	967.65442
896	244	512.84119	409.79803	804.87567	883.57507	951.07349	562.52515	614.1012	947.3045	967.31293
897	244	512.63879	410.09262	804.51154	882.99109	950.66736	562.31085	613.98944	947.3045	967.07819
898	244	512.58948	410.21432	804.1344	882.45703	950.25287	562.20618	613.88458	945.53577	966.83069
899	244	512.47144	409.85095	803.58173	881.95306	949.89337	562.16809	613.78674	944.28625	966.61298
900	244	512.81976	410.22491	803.12006	880.85602	949.52966	562.13477	613.69592	942.95892	966.38678
901	244	513.14252	410.22842	802.43738	880.35803	949.30969	562.03003	613.76575	942.25647	966.19043
902	244	513.53943	410.33075	801.4035	879.82098	949.11084	561.86334	613.80774	941.5011	966.01978
903	244	513.32782	410.44717	800.35022	879.23505	948.80212	561.64917	613.82874	940.72711	965.86188
904	244	512.77875	410.43661	799.18628	878.008	948.46375	561.41107	613.82874	939.96558	965.72101
905	244	512.31049	410.42249	797.48926	877.57709	948.26495	561.20642	613.82874	939.21643	965.55884
906	244	512.29749	410.89346	796.01978	876.97906	947.87164	561.13501	613.8147	938.48285	965.35394
907	244	512.69409	410.74179	794.6413	876.41504	947.66016	561.15399	613.80078	937.76172	965.11926
908	244	512.97754	410.53891	793.45795	875.89606	947.41479	561.19684	613.78674	937.05298	964.82904
909	244	512.94061	410.55832	792.42413	875.40704	947.1568	561.16357	613.77283	936.3598	964.48755
910	244	512.78186	410.28137	791.42926	874.93408	946.89874	561.00641	613.77283	935.67908	964.05225
911	244	512.62311	410.10144	790.52551	874.51099	946.47583	560.71124	613.77979	935.0108	963.51453
912	244	512.46436	410.27255	789.72571	874.08307	945.98517	560.28278	613.80774	934.35797	962.81451
913	244	512.3056	410.54773	789.00403	873.65009	945.49451	559.82098	613.84961	933.74561	962.11035
914	244	512.14685	410.84409	788.36682	873.21509	944.32294	559.62579	613.91254	933.211	961.41461
915	244	511.9881	411.44031	787.62555	872.82605	944.21295	559.90674	614.01031	932.79761	960.74457
916	244	511.90872	411.9201	786.64374	872.83307	944.07336	560.51129	614.12915	932.07336	960.01904
917	244	511.92981	412.10532	785.73993	872.33899	943.4812	561.13025	614.26892	931.36768	959.23376
918	244	511.95093	412.38052	784.72559	872.17706	943.37549	561.60626	614.45056	930.64661	958.50818
919	244	511.8096	413.05084	784.00391	872.18707	941.53979	561.89667	614.64618	930.31708	957.91064
920	244	512.08862	414.46201	783.66577	872.36401	941.47632	561.9776	614.86279	929.99689	957.54791
921	244	513.47876	415.2276	783.21063	871.87506	941.2226	561.89197	615.07947	929.67053	957.33875
922	244	514.56732	415.67563	783.3277	871.14008	941.02374	561.8396	615.30304	929.3255	957.16382
923	244	515.16229	416.22601	783.5553	870.34003	940.9519	562.08234	615.52661	928.98975	957.03571
924	244	515.10065	416.21893	783.74377	869.53101	940.51202	562.58704	615.72229	928.64166	956.8053
925	244	515.40857	416.16074	783.74377	867.62506	940.12292	563.17737	615.88995	928.2655	956.53644
926	244	515.71643	415.82205	783.6593	867.04504	939.73376	563.72961	615.97382	927.82416	956.19922
927	244	516.02435	415.91025	783.47076	866.505	939.19238	564.21997	616.02277	927.30505	956.06268
928	244	516.33221	415.83084	783.28864	865.96008	938.51563	564.62939	616.01575	926.68335	956.12238
929	244	516.64014	415.69855	783.28864	865.40704	937.91919	564.91504	615.94586	925.94354	956.27606
930	244	516.948	415.82556	783.28217	864.81097	937.11981	565.01978	615.81311	925.1261	956.0072
931	244	517.25592	415.84146	783.53571	864.21704	936.24005	565.04834	615.63147	924.25885	955.74683
932	244	517.56378	416.03726	783.81531	863.63507	937.84729	565.03888	615.37988	923.3822	955.46088
933	244	517.8717	416.03726	783.90631	863.07703	937.10712	565.06738	615.07947	922.4964	955.59747
934	244	517.98425	416.03021	783.61377	862.54706	936.90002	565.13879	614.72308	921.72858	955.72119
935	244	517.70581	415.94553	783.1001	862.04608	936.04968	565.25787	614.31781	921.07892	955.52917
936	244	517.07111	416.07959	781.81268	861.65997	935.24603	565.41498	613.86365	920.53809	955.10663
937	244	516.5882	416.15192	780.88287	860.36505	934.12103	565.57202	613.36749	919.98785	954.539
938	244	516.75317	416.31598	779.86853	859.66205	933.52887	565.48639	612.81549	919.41278	954.24451
939	244	517.21313	416.45355	778.58765	858.71704	933.05084	565.31018	612.24249	918.81604	954.21893
940	244	517.56775	416.42709	777.67084	857.54205	932.39526	564.88654	611.65558	918.19745	953.81775
941	244	517.50018	416.85397	776.37689	855.83899	930.65265	564.49609	611.05469	917.22137	952.78912
942	244	516.87689	416.86984	774.70587	852.90198	926.39337	564.3009	610.47473	915.81952	950.52283
943	244	516.58661	417.05859	773.34045	850.13605	923.04779	564.3866	609.92975	913.883	947.75726
944	244	516.41833	416.79575	772.42365	847.52802	919.41449	564.79126	609.44061	911.97754	943.97589
945	244	517.38129	416.47473	770.76563	843.79999	916.20416	565.39111	609.07025	910.09998	939.57562
946	244	517.6806	416.05313	768.73694	840.25702	914.60541	565.48639	608.8606	908.35626	934.72296
947	244	517.86255	415.89792	767.74866	836.63007	912.67664	564.71509	608.90259	907.5791	930.48059
948	244	517.41833	415.815	766.92291	833.43402	911.64459	563.08215	609.30084	908.06409	927.30096
949	244	517.28455	415.77795	766.26617	830.76508	911.46271	561.36829	610.19519	909.71771	924.88965
950	244	517.09839	415.5451	765.4729	828.36707	912.27905	560.10187	611.76044	910.3736	923.63483
951	244	516.87946	414.98413	764.16602	826.22198	909.84277	559.55914	609.58734	909.77991	923.18671
952	244	516.74268	414.74777	762.65094	824.30505	907.72375	559.90674	607.0509	906.7243	923.39581
953	244	516.44684	414.74777	761.01898	822.59204	906.45477	560.92072	604.19305	906.06842	923.47693
954	244	514.91791	414.77951	758.34015	821.06702	906.89044	561.30634	601.0907	903.96405	923.31476
955	244	513.8949	415.25052	754.21777	819.63	905.87109	559.72101	597.80658	901.64209	922.9989
956	244	513.09924	415.50983	751.02527	818.36005	905.10553	556.5694	594.42468	899.06836	922.48676
957	244	513.12982	415.70563	745.81708	817.37006	903.89587	553.16064	591.01483	896.29254	921.97888
958	244	512.92438	416.21188	740.31628	816.47198	903.78589	550.32318	587.61194	893.1748	921.50513
959	244	513.04474	416.03372	733.54755	815.76202	903.4433	548.32837	584.28589	889.74933	921.09967
960	244	513.17102	416.09195	725.75159	815.20404	903.30377	547.32385	581.07874	885.97888	920.81805
961	244	513.33337	416.14841	723.89197	814.76105	903.09644	547.25726	578.04614	882.61865	920.57904
962	244	512.21478	416.06018	716.10242	813.21307	902.80463	547.20959	575.20929	879.89575	920.34424
963	244	511.40378	384.02795	714.15833	811.85797	902.09399	545.74805	572.58203	878.04309	919.98151
964	244	509.48871	383.69632	709.73041	809.54205	901.1889	542.90112	570.19232	876.55731	919.55896
965	244	507.78827	383.33469	706.3623	808.91003	900.20343	539.40674	568.01923	875.27979	919.05103
966	244	505.44058	382.93076	704.00854	807.18005	899.59851	535.79803	566.04883	874.08923	918.51331
967	244	503.09293	381.72769	702.18146	805.57898	897.17493	532.15601	564.26697	872.93292	917.8432
968	244	500.74527	380.69577	700.53644	804.20001	894.75134	528.5473	562.64594	871.79834	916.9939
969	244	498.39761	379.67972	699.9057	803.10498	893.07642	525.55273	561.16455	870.68555	915.76904
970	244	496.04993	378.04449	699.21649	802.24408	892.20514	524.22455	559.80206	869.70331	914.18988
971	244	493.70227	376.11469	698.72229	801.58606	890.66974	524.47205	558.55133	868.89819	912.25226
972	244	491.35461	375.15158	698.03308	801.08301	889.36273	525.41949	557.39136	868.2641	909.97742
973	244	489.00696	374.17432	697.34387	800.66705	887.65826	525.91461	556.30835	867.58649	907.45081
974	244	486.51816	372.87427	696.63513	800.29407	886.1355	525.80035	555.30914	866.9928	904.89008
975	244	484.46924	372.26923	695.91345	799.96808	883.35663	525.21472	554.36578	866.45813	902.52991
976	244	482.86014	372.08926	695.22418	799.77509	880.94153	524.37207	548.61517	866.11304	900.40448
977	244	481.832	372.05753	694.33344	799.58704	879.30042	523.59137	548.13306	865.76495	898.57355
978	244	480.80386	371.52658	693.36462	799.46997	877.99768	523.23425	547.68585	865.39819	897.10535
979	244	479.77576	371.68533	692.31775	799.51306	877.07141	522.98193	547.2876	865.03448	895.90173
980	244	478.74762	371.82999	691.21893	799.73499	876.25928	522.85815	546.93121	864.81067	894.95856
981	244	477.2222	371.47894	690.47119	799.12909	875.4726	522.56299	546.6098	864.71429	893.97693
982	244	476.31662	371.49304	689.45685	798.32507	874.89734	522.10596	546.33026	864.67084	893.02948
983	244	475.63107	371.32547	688.50751	797.50104	874.36023	521.53461	546.07874	864.4967	891.98804
984	244	475.77805	369.83313	687.67523	796.62201	873.8653	520.90143	545.87616	864.09265	890.85706
985	244	475.71597	369.67087	686.78442	794.73706	873.45081	520.35394	545.70844	863.64502	889.86267
986	244	475.77658	369.77844	685.90015	794.24603	873.09131	520.09692	545.57568	863.24097	888.91943
987	244	475.84464	369.60556	685.08746	793.81409	872.73596	520.03027	545.48486	863.02332	888.22803
988	244	475.84464	370.43643	684.23566	793.39703	872.36804	520.04449	545.42896	862.87103	887.60492
989	244	475.84464	370.45935	683.37091	792.98297	871.98309	519.92548	545.40796	862.74982	887.16101
990	244	475.14798	371.06262	682.48657	792.57306	871.60242	519.65417	545.41492	862.63788	886.85797
991	244	474.40863	370.78394	681.57623	792.16608	871.2641	519.24475	545.45691	862.526	886.55927
992	244	474.10559	371.03616	680.63348	791.76105	870.96375	518.74005	545.54077	862.40784	886.15381
993	244	474.31552	371.22141	679.67767	791.32001	870.68884	518.25922	545.65948	861.75824	885.57764
994	244	475.76941	370.44171	678.72186	790.88501	870.45197	518.02594	545.83417	861.04016	884.74115
995	244	476.40555	370.69751	677.79205	790.44904	870.24896	518.09735	546.06482	860.23511	883.79791
996	244	477.1055	369.9425	676.99231	789.87604	870.10516	518.31635	546.37921	859.87762	882.91016
997	244	476.46634	369.74316	676.14056	788.78503	870.01636	518.45917	546.78448	859.58234	882.2785
998	244	476.27533	369.26865	675.26923	788.26099	869.91486	518.46869	547.34351	859.34302	881.82611
999	244	476.04468	368.89468	674.41748	787.67505	869.8725	518.35919	548.09113	859.14093	881.60419
1000	244	475.89166	368.84177	673.59821	787.01703	869.93597	518.164	549.06238	858.90161	881.5401
1001	244	475.42651	368.90881	673.09106	786.28308	870.05859	517.95929	548.05621	858.64984	881.60419
1002	244	476.07159	368.95291	672.35632	785.47406	870.16858	517.84979	547.23169	858.37628	881.54443
1003	244	476.26022	368.84177	671.66058	784.59802	870.28699	517.84027	546.56787	858.08099	881.39075
1004	244	475.62759	368.57895	670.95831	783.76605	870.46893	517.83551	546.00189	857.76086	881.06641
1005	244	474.23804	368.95645	670.25616	782.84308	870.64655	517.72601	545.52673	857.43445	880.66949
1006	244	474.36145	368.22263	669.54089	781.93799	870.77344	517.46893	545.10748	857.10803	880.21283
1007	244	474.51074	367.87158	668.85168	781.03705	870.83685	517.04999	544.73016	856.81897	879.79028
1008	244	474.61484	367.78693	668.20142	780.11407	870.81573	516.4834	544.39478	856.57343	879.38483
1009	244	474.16916	367.9104	667.59027	779.133	870.83685	515.90265	544.08734	856.41492	879.05621
1010	244	474.40765	368.11502	667.03107	778.065	870.92993	515.63605	543.80084	856.2533	878.86841
1011	244	474.54102	368.22086	666.51746	776.89502	870.85803	515.8407	543.5423	856.06366	878.85138
1012	244	474.02792	368.332	666.05573	775.64008	870.83685	516.26923	543.29077	855.76831	878.95807
1013	244	474.06409	368.39371	665.63312	774.32898	870.79462	516.5929	543.06018	855.42334	879.07324
1014	244	474.03458	368.07443	665.24304	773.01105	870.69733	516.68817	542.83661	855.02539	879.37628
1015	244	474.27005	367.7587	664.86584	771.74799	870.62115	516.54059	542.63397	854.35712	879.74335
1016	244	474.33627	367.76401	664.48871	770.72906	870.53656	516.17871	542.43835	853.32825	880.12317
1017	244	474.45987	367.94742	664.12469	769.34198	870.40118	515.73596	542.25665	851.87659	880.20856
1018	244	474.44064	368.16263	663.75403	767.961	870.20239	515.51697	542.07495	850.53998	880.15735
1019	244	474.37219	368.37607	663.38342	766.48303	869.96558	515.7312	541.92126	849.44586	880.05066
1020	244	474.48825	368.84531	663.01282	764.86603	869.72443	516.18829	541.76752	848.68121	879.97809
1021	244	474.66913	369.14166	662.64215	763.534	869.44958	516.58813	541.62079	847.96008	879.90552
1022	244	474.99841	370.23532	662.27155	761.83002	869.20844	516.81189	541.48804	847.40985	879.83301
1023	244	475.00592	371.13141	661.90094	760.09607	869.2254	516.84052	541.36224	847.02753	879.76465
1024	244	475.18616	371.00793	661.10114	758.28607	869.29303	516.68817	541.25049	846.80682	879.69214
1025	244	475.21994	371.26199	661.35474	756.35803	869.50031	516.44531	541.15265	846.50842	879.63232
1026	244	475.24725	370.36942	661.01666	754.45905	869.64832	516.32159	539.91583	846.12915	879.60248
1027	244	475.10406	371.14554	660.66553	752.45099	869.98669	516.49298	539.88788	845.67224	879.63232
1028	244	474.94812	371.17728	660.32745	750.44702	870.35046	516.84528	539.85992	845.24951	879.72198
1029	244	474.82401	370.8139	659.98932	748.54108	870.70581	517.17853	539.83899	844.74591	879.86713
1030	244	474.8255	371.75058	659.65771	746.78107	870.94684	517.41174	539.81805	844.28278	880.05487
1031	244	475.09473	371.81937	659.33258	745.20105	871.05255	517.526	539.80402	843.86011	880.25549
1032	244	475.41232	372.04694	659.02051	743.82397	870.9342	517.53558	539.7901	843.60828	880.44757
1033	244	475.44351	372.30978	658.72137	742.64697	870.85376	517.47369	539.77606	843.40625	880.60547
1034	244	475.36798	372.59201	658.4483	741.64801	870.67615	517.43085	539.7691	843.26324	880.72076
1035	244	475.23441	372.81607	658.22723	740.77802	870.38428	517.51654	539.76215	843.14825	880.78046
1036	244	475.23477	372.48441	658.27924	739.992	870.08398	517.66888	539.75519	843.04565	880.78046
1037	244	475.03143	372.07343	658.27924	739.31598	869.70758	517.81647	539.74811	842.94	880.74207
1038	244	475.06427	372.02225	658.35077	738.55298	869.42841	517.91168	539.74115	842.83429	880.6908
1039	244	474.9173	371.78058	658.55884	737.78406	869.6568	517.94025	539.74115	842.71619	880.63959
1040	244	474.82916	371.70474	658.87091	737.00708	869.91058	517.91168	539.96478	842.58563	880.59692
1041	244	474.5437	372.51089	658.37024	736.22302	870.02057	517.84979	539.97174	842.43951	880.55426
1042	244	474.7869	373.04535	657.72009	735.42908	870.05011	517.81171	539.98572	842.28717	880.5116
1043	244	475.1348	373.36111	656.98535	734.64099	870.09668	517.86884	539.99274	842.14111	880.46893
1044	244	475.55588	373.07358	655.73041	733.91309	870.05859	517.96405	540.00671	842.00128	880.42194
1045	244	475.72379	373.16705	654.72913	733.11798	869.99097	518.0545	540.02063	841.87067	880.375
1046	244	475.86041	372.89893	654.16339	732.32904	869.92328	518.10687	540.03467	841.75879	880.34088
1047	244	475.65219	373.80563	653.63025	731.54401	869.61871	518.11639	540.0556	841.65002	880.31104
1048	244	475.50314	373.82681	653.09711	730.76208	869.513	518.09259	540.06958	841.55054	880.29388
1049	244	475.172	373.38406	652.5769	729.97906	869.41571	518.0545	540.09058	841.45416	880.27686
1050	244	475.43384	373.27115	652.06323	729.19305	869.28033	518.03546	540.10449	841.38885	880.26404
1051	244	475.59451	373.0683	651.56256	728.40405	869.19574	518.0545	540.12549	841.33917	880.24695
1052	244	475.92059	372.69611	651.06189	727.60199	869.19153	518.09735	540.14648	841.28943	880.22992
1053	244	475.72449	373.02771	650.57428	726.79407	869.11963	518.12592	540.16742	841.24896	880.21283
1054	244	475.69632	373.03479	650.09308	725.98108	869.04779	518.13544	540.18835	841.21167	880.2171
1055	244	475.64319	372.97125	649.63794	725.16504	868.83197	518.12592	540.20935	841.17755	880.24695
1056	244	475.46115	374.18137	648.93573	724.34503	868.77283	518.09259	540.22333	841.13403	880.31104
1057	244	475.40015	374.08435	648.20099	723.46899	868.72205	518.05927	540.24426	841.09052	880.36646
1058	244	475.38974	374.47946	648.01239	722.60309	868.73895	518.04022	540.25824	841.047	880.40057
1059	244	475.81882	374.34717	648.01239	721.75104	868.45557	518.04498	540.2652	841.00342	880.36646
1060	244	476.11905	374.54828	648.18799	720.92102	868.53595	518.0545	540.25824	840.9599	880.34509
1061	244	476.43811	374.797	647.73938	720.13208	868.55707	518.04498	540.25128	840.91638	880.29822
1062	244	476.70322	374.68234	647.23865	719.40002	868.50629	518.00214	540.22333	840.87286	880.23419
1063	244	476.87173	374.53241	646.76404	718.73602	867.85919	517.92596	540.1814	840.82935	880.0976
1064	244	477.01874	374.70001	646.13977	718.22803	867.71539	517.81647	540.11853	840.78589	879.93115
1065	244	477.1814	374.79346	645.58063	717.68506	867.49548	517.70221	540.18835	840.74542	879.75183
1066	244	477.46875	374.61179	645.25555	717.23102	867.22052	517.66888	540.25824	840.70813	879.55127
1067	244	477.79465	374.85873	644.93042	716.78204	866.91174	517.72125	540.32111	840.66772	879.34644
1068	244	478.24069	375.06161	644.61182	716.34009	866.44647	517.83075	540.37701	840.62732	879.16718
1069	244	478.58865	375.69489	644.28674	715.90808	866.15887	517.89264	540.42596	840.58069	879.005
1070	244	478.91998	375.94537	643.96161	715.48602	865.90936	517.8736	540.48883	840.41284	878.85138
1071	244	479.30664	375.92947	643.64301	715.07507	865.57941	517.75458	540.5517	840.05853	878.61664
1072	244	479.65744	375.90475	643.33093	714.67407	865.53711	517.53558	540.62854	839.45856	878.26666
1073	244	479.97672	375.89774	643.02533	714.284	865.43561	517.2785	540.7124	838.74365	877.81421
1074	244	480.09607	375.45673	642.71973	713.90308	864.83081	517.16425	540.81726	837.99762	877.30212
1075	244	480.36923	375.53964	642.43365	713.53204	864.62775	517.35468	540.93597	837.28583	876.85822
1076	244	480.59503	374.9205	641.97852	712.98804	864.34857	517.72601	541.05481	836.59882	876.48267
1077	244	480.94464	375.36322	641.70538	712.69806	864.23016	518.08307	541.18054	835.90875	876.22229
1078	244	481.0141	375.2486	641.64038	712.44501	864.20477	518.30682	541.32727	835.21875	876.00464
1079	244	481.38834	375.25565	641.67291	712.26898	864.02289	518.34491	541.48804	834.52863	875.82965
1080	244	481.70856	375.31384	641.78339	712.211	863.80298	518.18304	541.6557	833.83856	875.7016
1081	244	482.10727	375.75839	641.59485	712.50897	863.79449	517.88312	541.83044	833.14856	875.55646
1082	244	482.08188	375.77072	641.39978	712.63098	863.66339	517.74506	542.01208	832.45844	875.38574
1083	244	481.86951	375.72308	641.19824	712.76801	863.67181	518.06879	542.20074	831.77148	875.18945
1084	244	481.74973	376.16937	640.89264	712.89001	863.74792	518.73053	542.40338	831.08142	874.98035
1085	244	482.04309	376.17996	640.76904	712.98804	863.93408	519.47321	542.599	830.39447	874.784
1086	244	482.57523	375.99475	640.63904	712.94299	864.07788	520.16833	542.79462	829.69513	874.63031
1087	244	483.1091	376.64038	640.5155	712.88	864.11169	520.8205	543.00427	828.95837	874.46393
1088	244	483.44449	376.53983	640.38544	712.78802	863.98907	521.43945	543.20691	828.24969	874.21637
1089	244	483.65771	377.18369	640.26196	712.66302	863.77332	521.94403	543.40961	827.63422	873.77252
1090	244	483.8334	377.39359	640.13837	712.50208	863.44342	522.16785	543.91266	827.24878	873.59747
1091	244	484.05524	378.20502	640.01483	712.31	863.08392	522.125	544.12225	827.02185	873.68713
1092	244	484.37421	377.43945	639.89783	712.091	862.73285	522.0202	544.32495	826.88202	874.07977
1093	244	484.70837	378.51547	639.78076	711.85309	862.40289	522.06305	544.32495	826.7514	874.37006
1094	244	484.93771	378.8136	639.67023	711.60303	862.20001	522.2868	544.44373	826.62085	874.53217
1095	244	485.0517	378.74127	639.57916	711.35004	862.05188	522.66772	544.55548	826.50275	874.57489
1096	244	485.44223	379.67972	639.44916	711.08105	861.95038	523.17236	544.63239	826.36908	874.49377
1097	244	485.83276	379.64267	639.42963	710.72406	861.83618	523.66272	544.67426	826.23541	874.40845
1098	244	485.96207	379.66208	639.43616	710.36804	861.67969	523.88171	544.68127	826.10181	874.37427
1099	244	486.16901	379.4751	639.47516	709.93201	861.57819	523.71509	544.63934	825.96497	874.43408
1100	244	486.35617	379.55447	639.54669	709.39703	861.3667	523.30566	544.55548	825.83136	874.50232
1101	244	486.39081	378.32144	639.37115	708.76904	861.15521	522.901	544.43671	825.69763	874.55353
1102	244	486.3765	378.33026	639.11755	708.06	860.99023	522.59155	544.297	825.56091	874.56207
1103	244	486.30872	378.22971	638.81842	707.297	860.83374	522.38208	544.12927	825.42725	874.5791
1104	244	486.08655	378.3779	638.45435	706.50403	860.91833	522.26782	543.94757	825.29358	874.60046
1105	244	485.8808	378.84357	638.09021	705.716	861.09595	522.22974	543.75195	825.1568	874.6261
1106	244	485.72583	379.58798	637.78461	704.95502	861.13403	522.2345	543.55627	825.03558	874.60901
1107	244	485.90793	378.68307	637.48547	704.24707	861.14673	522.18689	543.34668	824.90192	874.58765
1108	244	486.03732	377.16779	637.17993	703.58502	861.21863	522.06787	543.12305	824.76825	874.53644
1109	244	486.15723	376.52924	636.86133	702.96808	861.36243	521.89648	542.8855	824.63458	874.49377
1110	244	486.1463	376.39691	636.54272	702.37305	861.53162	521.67749	542.62	824.51959	874.48523
1111	244	486.22751	376.8009	636.22412	701.79401	861.54431	521.42035	542.30554	824.4046	874.50232
1112	244	486.19699	376.9332	635.89899	701.21997	861.37518	521.12518	541.94922	824.2616	874.55353
1113	244	486.19672	377.78342	635.55438	700.64502	860.99445	520.84912	541.50897	824.1217	874.57062
1114	244	486.22375	377.80106	635.23578	700.05804	860.71533	520.7301	540.96393	823.98181	874.59192
1115	244	486.72681	377.66876	634.91071	699.44702	860.42346	520.8205	540.29315	823.85437	874.60046
1116	244	487.38687	378.64426	634.5271	698.80402	860.15698	521.00623	539.43372	823.72076	874.58344
1117	244	487.87589	377.27185	634.14996	698.12103	859.95398	521.15381	538.39258	823.58704	874.5108
1118	244	487.9552	377.45004	634.08496	697.39502	859.64093	521.20135	539.52454	823.45343	874.38281
1119	244	487.74734	377.55939	634.16943	696.62506	859.47601	521.13953	540.5517	823.32288	874.22491
1120	244	487.62167	377.383	634.37756	695.81409	859.34491	520.98236	541.41815	823.18921	874.13104
1121	244	487.53821	378.17856	634.09143	694.96899	859.03613	520.78241	542.12384	823.05554	874.08832
1122	244	487.72238	379.21756	633.79883	694.10602	858.78235	520.69678	542.6759	822.91876	874.06274
1123	244	488.00839	378.87112	633.53223	693.22504	858.52856	520.85388	543.10913	822.78198	873.95172
1124	244	488.32043	379.27133	633.19415	692.31299	858.20288	521.18237	543.44452	822.64526	873.76819
1125	244	488.44052	379.67157	632.92102	691.34106	857.85187	521.52991	543.69604	822.50848	873.56335
1126	244	488.39005	380.07178	632.77148	690.29004	857.52612	521.80603	543.9057	822.39032	873.36279
1127	244	488.67059	380.47198	632.61542	689.15503	857.36121	521.9917	544.07336	822.25977	873.18781
1128	244	489.07584	380.87219	632.45941	687.94305	857.32733	522.07263	544.20612	822.12616	873.03412
1129	244	489.61603	381.27243	632.30334	686.65607	857.33582	522.05829	544.30396	821.98627	872.91461
1130	244	489.73825	381.67264	632.14734	685.31903	857.4754	522.05359	544.38086	821.6972	872.84637
1131	244	489.96445	382.07285	631.99127	683.95203	857.45001	522.19641	544.44373	821.17188	872.81219
1132	244	490.09491	382.47308	631.83521	682.57709	857.45422	522.48206	544.49261	820.31085	872.79938
1133	244	490.41696	382.87329	631.68567	681.21606	857.29779	522.82959	544.53455	819.30371	872.78235
1134	244	490.5293	383.2735	631.53613	680.03107	857.36542	523.16284	544.56244	818.25928	872.70551
1135	244	490.78625	383.67374	631.367	678.87708	857.2724	523.45325	544.58344	817.26154	872.52631
1136	244	490.95013	384.07394	630.87939	677.73901	856.90015	523.68176	544.59747	816.28851	872.25311
1137	244	491.17197	384.47415	630.62579	676.59808	856.70135	523.82458	544.61139	815.3125	871.95441
1138	244	491.39551	384.87439	630.40472	675.44305	856.57874	523.88647	544.61139	814.3396	871.68976
1139	244	491.5643	385.2746	630.09265	674.27002	856.46027	523.95789	544.61139	813.36047	871.47205
1140	244	491.71414	385.6748	629.62451	673.07501	856.33759	524.07697	544.61139	812.3844	871.36115
1141	244	491.74432	386.07501	630.03412	671.85699	855.58472	524.24829	544.60443	811.40216	871.30988
1142	244	491.79749	386.47525	630.24219	670.61603	855.3606	524.43872	544.59747	810.42303	871.26294
1143	244	491.69598	386.87546	630.34625	669.35309	855.20825	524.64819	544.75812	809.44391	871.13495
1144	244	491.7511	385.98773	630.48273	668.07104	854.96722	524.86719	544.73016	808.46472	870.91724
1145	244	491.78824	385.3721	630.61279	666.77405	854.82764	525.05292	544.70221	807.49176	870.67822
1146	244	491.92422	385.18512	630.74286	665.466	854.37927	525.14807	544.67426	806.5033	870.46484
1147	244	491.87326	385.59613	630.89886	664.14905	854.15936	525.13379	544.63934	805.46509	870.32404
1148	244	491.82773	385.47617	631.06146	662.823	853.8717	525.06238	544.61139	804.46735	870.2002
1149	244	491.77026	385.54498	631.19147	661.48505	853.63068	524.99097	544.59039	803.60626	870.07648
1150	244	491.65555	385.20453	631.32153	660.13403	852.59436	524.91956	544.56244	803.07477	869.94843
1151	244	491.59293	385.12161	631.4646	658.76898	852.16296	524.83862	544.53455	802.77014	869.82037
1152	244	491.53729	385.56613	631.62714	657.38898	851.88379	524.74341	544.50659	802.58362	869.68378
1153	244	491.66568	386.2735	631.82874	655.99298	851.74426	524.64343	544.48566	802.38159	869.53442
1154	244	491.83231	384.95227	632.06281	654.58099	851.31702	524.60535	544.4577	802.13599	869.35522
1155	244	492.02542	384.86584	632.32288	653.15198	851.02515	524.70056	544.43671	801.85938	869.13324
1156	244	492.19635	384.94171	632.66748	651.81201	850.79254	524.86719	544.41577	801.49567	868.85156
1157	244	492.1781	385.04401	632.96655	650.84802	850.53876	525.03381	544.39478	801.0636	868.53577
1158	244	492.23236	385.44089	633.07709	651.09698	850.41614	525.14331	544.38086	800.56006	868.26691
1159	244	492.28415	386.65979	633.07709	650.50897	850.31458	525.18616	544.35986	799.9726	868.1474
1160	244	492.56274	387.45889	632.96008	650.12408	850.20044	525.15283	544.35291	799.30426	868.01508
1161	244	492.92661	387.71292	633	649.97803	849.75208	525.06714	544.33887	798.56134	867.823
1162	244	493.37503	387.66705	632.98608	650.17804	849.06683	525.03381	544.53455	797.69409	867.46875
1163	244	493.70746	387.65823	633.06409	650.44397	848.17865	525.17188	544.59747	796.659	867.05908
1164	244	494.00562	387.94046	633.18115	650.72504	847.09998	525.43372	544.66034	795.43738	866.53406
1165	244	494.09784	387.55237	633.44769	650.97998	845.8819	525.70508	544.72321	794.16608	866.00909
1166	244	494.24185	387.55594	633.63629	650.58624	844.75684	525.91461	544.78607	792.96313	865.58234
1167	244	494.27228	386.74625	633.81183	649.94989	844.18158	526.02887	544.84198	791.91248	865.33905
1168	244	494.32108	387.1149	633.94836	649.3136	844.53693	526.03357	544.90491	790.56659	865.19818
1169	244	494.35944	387.15195	634	648.67725	845.26013	525.94318	544.96082	789.33868	865.09998
1170	244	494.48468	387.42361	633.93536	648.04089	845.80151	525.90985	545.01666	788.20422	865.02319
1171	244	494.78784	387.17316	633.74683	647.4046	846.22449	526.10028	545.07257	787.5545	864.93787
1172	244	495.09198	387.89108	633.48676	646.76825	846.50366	526.47638	545.12848	786.91418	864.81836
1173	244	495.27295	390.19659	633.22015	646.1319	846.63055	526.90961	545.17035	786.26453	864.64764
1174	244	495.30936	390.87762	632.97955	645.49561	846.75745	527.29999	545.1983	785.59937	864.42145
1175	244	495.30255	391.09998	632.75201	644.85925	846.83783	527.62372	545.1983	784.91553	864.12268
1176	244	495.33975	391.3223	632.45941	644.2229	846.44446	527.86176	544.97473	784.22229	863.75995
1177	244	495.34879	391.54465	632.22534	643.58661	845.64508	528	545.0376	783.46381	863.36298
1178	244	495.35565	391.767	631.99774	642.95026	844.84143	528.06171	545.10748	782.64325	863.00873
1179	244	495.4621	391.98932	631.81567	642.31396	844.26617	528.1474	545.17743	781.75732	862.74414
1180	244	495.42728	392.21167	631.70514	641.67761	843.81781	528.29974	545.24725	780.93359	862.60333
1181	244	495.58023	391.34848	631.67261	641.04126	843.51752	528.49017	545.3241	780.16895	862.47949
1182	244	495.51257	390.8334	631.63367	640.40497	843.44983	528.67584	545.401	779.51935	862.29175
1183	244	495.65598	390.81927	631.73767	639.76862	843.75018	528.84723	545.47784	778.5899	861.94177
1184	244	495.64081	389.91086	631.99774	639.13226	843.17493	528.97577	545.55469	777.43665	861.41681
1185	244	495.74661	389.75735	632.16681	638.49597	842.02869	529.0567	545.63159	776.03168	860.81073
1186	244	495.94418	389.8244	632.55688	637.85962	841.13196	529.09479	545.70844	774.93439	860.20471
1187	244	496.03412	389.74152	633	637.35052	840.45099	529.14716	545.78528	774.0827	859.67548
1188	244	496.13629	390.3783	633.43469	634.80524	839.94769	529.22809	545.86212	773.47034	859.18469
1189	244	496.11652	389.68152	633.79883	635.22888	839.64319	529.32806	545.93201	772.85492	858.69385
1190	244	496.08417	388.94064	634.02643	634.80524	839.71509	529.42804	546.00891	772.24255	858.21155
1191	244	496.10056	389.62332	634.09796	634.80524	839.98578	529.51849	546.07874	771.63019	857.74634
1192	244	496.12439	389.85968	634.02643	634.80524	839.45703	529.5899	546.14868	771.01782	857.30676
1193	244	496.4415	390.33066	633.85736	634.80524	838.52234	529.64227	546.21851	770.40546	856.89276
1194	244	496.58145	390.87045	633.62329	634.80524	837.84131	529.66608	546.28839	769.79309	856.50012
1195	244	496.54907	390.81577	633.34369	634.80524	837.34222	529.66138	546.35126	769.1839	856.13312
1196	244	496.23074	391.21442	632.86249	634.80524	836.96582	529.64227	546.41412	768.57465	855.74902
1197	244	495.95142	390.72229	632.56342	634.80524	836.79657	529.60895	546.47003	767.96228	855.40332
1198	244	496.15228	391.21268	632.24481	634.80524	837.08844	529.57562	546.51898	767.34369	855.14294
1199	244	496.52139	391.3132	631.95221	634.80524	837.58752	529.53754	546.56787	766.71271	854.97223
1200	244	496.90189	391.36966	631.68567	634.80524	836.66974	529.50421	546.60278	766.08167	854.91248
1201	244	496.96777	391.39084	631.81567	634.80524	834.93134	529.48517	546.58185	765.45074	854.83563
1202	244	496.89984	392.87256	631.91327	634.80524	833.56091	529.47095	546.57489	764.83215	854.71191
1203	244	496.80588	391.87592	632.00427	634.80524	832.48657	529.44232	546.57489	764.22284	854.42169
1204	244	496.54401	392.30457	631.84821	634.80524	831.6449	529.39478	546.58185	763.61981	854.02045
1205	244	496.2189	392.4845	631.91327	634.80524	831.17963	529.31854	546.59583	763.0199	853.6449
1206	244	495.80347	390.89517	631.94574	634.80524	831.40802	529.24237	546.6098	762.42932	853.36743
1207	244	495.4707	390.87222	631.95221	634.80524	831.97058	529.16144	546.63074	761.84186	853.20105
1208	244	495.22342	390.53531	631.89368	634.80524	830.87933	529.09961	546.65869	761.26367	853.073
1209	244	495.10303	389.56332	631.7702	634.80524	829.07324	529.06152	546.68665	760.69489	852.96631
1210	244	495.21405	389.56863	631.5946	634.80524	827.69019	529.03766	546.7146	760.12292	852.85962
1211	244	495.34915	389.18231	631.39307	634.80524	826.64966	528.98053	546.74255	759.54785	852.71021
1212	244	495.33618	389.23172	631.159	634.80524	825.79529	528.88055	546.77747	758.36975	852.48828
1213	244	494.90652	388.86478	630.87292	634.80524	825.03815	528.74249	546.81946	757.19794	852.16394
1214	244	494.35034	389.35519	630.53479	634.80524	824.50946	528.59015	546.86133	756.03534	851.69446
1215	244	493.53418	389.57919	630.15112	634.80524	824.12457	528.43304	546.90326	755.47894	851.04572
1216	244	493.22388	389.07999	629.50745	634.80524	823.9892	528.29022	546.94519	754.92566	850.27319
1217	244	493.01865	390.87762	628.9223	634.80524	823.81158	528.18549	546.99408	754.37854	849.47083
1218	244	493.22656	390.68704	628.52563	634.80524	823.54089	528.13312	547.03607	753.83148	848.77942
1219	244	493.2189	390.49646	628.29803	634.80524	823.23633	528.10455	547.0849	753.28442	848.28009
1220	244	493.24182	390.30588	628.42163	634.80524	822.89795	528.0379	547.13385	752.73425	847.97284
1221	244	493.46704	390.1153	627.98596	634.80524	822.46655	527.91888	547.17578	752.18091	847.73383
1222	244	493.64594	389.92471	627.60883	634.80524	821.95471	527.74274	547.22467	751.61206	847.4137
1223	244	494.01077	389.73416	627.29675	634.80524	821.54022	527.5047	547.2666	751.01843	846.96985
1224	244	493.98553	389.54358	626.99762	634.80524	821.73053	527.21906	547.30859	750.39362	846.32111
1225	244	493.88089	389.353	626.46448	634.80524	822.03516	526.93811	547.35046	749.75641	845.61688
1226	244	493.67123	389.16241	626.41895	634.80524	822.17041	526.79535	547.32251	749.11609	844.90411
1227	244	493.46884	388.97183	626.43842	634.80524	822.21698	526.87152	547.29456	748.47571	844.2981
1228	244	493.45532	388.78125	626.50995	634.80524	822.28888	527.08093	547.27356	747.83228	843.72192
1229	244	493.24771	388.59067	626.57501	634.80524	822.57654	527.29999	547.24567	747.19818	843.14148
1230	244	493.07108	388.40009	626.63354	634.80524	822.81342	527.50946	547.21771	746.60754	842.56531
1231	244	492.74091	388.2095	626.66602	634.80524	822.14087	527.74274	547.19672	746.10089	842.0105
1232	244	492.61255	388.01892	626.69855	634.80524	821.03693	528.02838	547.17578	745.64087	841.47272
1233	244	492.59875	387.82834	626.79608	634.80524	819.9837	528.31403	547.15485	745.2616	840.95636
1234	244	492.63583	387.63776	626.95209	634.80524	819.06165	528.44257	547.13385	744.95392	840.44843
1235	244	492.52109	387.4472	627.08868	634.80524	818.25385	528.2807	547.11285	744.73944	839.9491
1236	244	492.58328	387.25662	627.09515	634.80524	817.66162	527.91888	547.09192	744.61816	839.42834
1237	244	492.84998	387.06604	626.85461	634.80524	817.48828	527.5332	547.07794	744.59021	838.94611
1238	244	492.88367	386.87546	626.73755	634.80524	817.53473	527.19049	547.06403	744.59332	838.57056
1239	244	492.71335	386.68488	626.52295	634.80524	816.78186	526.90002	547.04999	744.60577	838.30164
1240	244	492.24911	386.49429	626.25641	634.80524	815.50873	526.66205	547.03607	744.57776	838.19495
1241	244	491.93619	386.30371	626.00281	634.80524	814.54858	526.49542	547.02203	744.56848	838.13098
1242	244	491.63965	386.11313	625.6842	634.80524	813.86761	526.42401	547.01508	744.5094	838.06696
1243	244	491.28326	385.92255	625.3266	634.80524	813.36432	526.43829	547.00104	744.41302	837.87915
1244	244	491.01559	385.73196	624.95593	634.80524	813.27966	526.48108	546.99408	744.24829	837.61877
1245	244	490.70306	385.54138	624.67639	634.80524	813.61804	526.51447	546.98712	744.09601	837.37976
1246	244	490.53857	385.3508	624.50079	634.80524	813.90997	526.54303	546.98016	743.9126	837.19623
1247	244	490.3934	385.16025	624.26672	634.80524	813.63922	526.55725	546.96613	743.72296	837.11517
1248	244	490.38446	384.96967	624.04565	634.80524	813.23743	526.58112	546.95917	743.59863	837.08099
1249	244	490.17917	384.77908	624.03918	634.80524	813.00903	526.57635	546.95917	743.59863	837.08099
1250	244	490.09113	384.5885	624.03265	634.80524	812.78064	526.58112	546.98712	743.59863	837.08099
